 *************************************************************************
 ************		    DDM3D_qua_part2		                    **********
 ************	    developed by Wong and Cui (2021)            **********
 ************	       DDFS3D (version 1.0), 23-5-2021		    **********
 *************************************************************************
 Title: Penny shape crack(section 3.1 of the companion paper)to verify the quadrilateral element                                               
 Modulus=  4.0000E+04  Poisson ratio=    0.2500  KS=  0.0000E+00  KN=  0.0000E+00
 Initial stress field:
 Pxx=  0.0000E+00 Pyy=  0.0000E+00 Pzz=  0.0000E+00
 Pxy=  0.0000E+00 Pxz=  0.0000E+00 Pyz=  0.0000E+00
 Number of elements:      1038
 Number of nodes   :      1091
 Computing time    :     64.58 s
 Stresses and displacements at the centroid of each element in the respective local coordinate system:
  No.	    Szx            Szy          Szz            Ux            Uy           Uz 
    1    0.0000E+00    0.0000E+00   -9.9901E-01    5.3120E-07   -1.9009E-07   -2.1147E-05
    2    0.0000E+00    0.0000E+00   -9.9898E-01   -3.1995E-07   -2.7709E-07   -2.2832E-05
    3    0.0000E+00    0.0000E+00   -9.9890E-01   -1.0565E-06   -3.1562E-07   -2.4281E-05
    4    0.0000E+00    0.0000E+00   -9.9882E-01   -1.9542E-06   -4.0525E-07   -2.5523E-05
    5    0.0000E+00    0.0000E+00   -9.9876E-01   -2.7170E-06   -4.0414E-07   -2.6582E-05
    6    0.0000E+00    0.0000E+00   -9.9871E-01   -3.4560E-06   -4.1635E-07   -2.7485E-05
    7    0.0000E+00    0.0000E+00   -9.9867E-01   -4.2147E-06   -4.3525E-07   -2.8243E-05
    8    0.0000E+00    0.0000E+00   -9.9864E-01   -4.9351E-06   -4.3685E-07   -2.8865E-05
    9    0.0000E+00    0.0000E+00   -9.9864E-01   -5.4420E-06   -4.3227E-07   -2.9367E-05
   10    0.0000E+00    0.0000E+00   -9.9922E-01    4.9190E-07   -5.8464E-07   -2.1016E-05
   11    0.0000E+00    0.0000E+00   -9.9926E-01   -3.3028E-07   -7.0972E-07   -2.2690E-05
   12    0.0000E+00    0.0000E+00   -9.9921E-01   -1.1078E-06   -7.8400E-07   -2.4130E-05
   13    0.0000E+00    0.0000E+00   -9.9916E-01   -1.9214E-06   -8.5483E-07   -2.5369E-05
   14    0.0000E+00    0.0000E+00   -9.9912E-01   -2.6930E-06   -8.9307E-07   -2.6432E-05
   15    0.0000E+00    0.0000E+00   -9.9908E-01   -3.4307E-06   -9.2396E-07   -2.7339E-05
   16    0.0000E+00    0.0000E+00   -9.9905E-01   -4.1646E-06   -9.5654E-07   -2.8101E-05
   17    0.0000E+00    0.0000E+00   -9.9901E-01   -4.8859E-06   -9.7977E-07   -2.8729E-05
   18    0.0000E+00    0.0000E+00   -9.9895E-01   -5.4672E-06   -9.8749E-07   -2.9233E-05
   19    0.0000E+00    0.0000E+00   -9.9925E-01    4.6837E-07   -9.4242E-07   -2.0783E-05
   20    0.0000E+00    0.0000E+00   -9.9932E-01   -3.4451E-07   -1.0964E-06   -2.2444E-05
   21    0.0000E+00    0.0000E+00   -9.9928E-01   -1.1318E-06   -1.1942E-06   -2.3873E-05
   22    0.0000E+00    0.0000E+00   -9.9924E-01   -1.9147E-06   -1.2634E-06   -2.5106E-05
   23    0.0000E+00    0.0000E+00   -9.9920E-01   -2.6726E-06   -1.3123E-06   -2.6168E-05
   24    0.0000E+00    0.0000E+00   -9.9916E-01   -3.3999E-06   -1.3540E-06   -2.7076E-05
   25    0.0000E+00    0.0000E+00   -9.9913E-01   -4.1136E-06   -1.3968E-06   -2.7841E-05
   26    0.0000E+00    0.0000E+00   -9.9909E-01   -4.8244E-06   -1.4366E-06   -2.8474E-05
   27    0.0000E+00    0.0000E+00   -9.9901E-01   -5.4525E-06   -1.4630E-06   -2.8982E-05
   28    0.0000E+00    0.0000E+00   -9.9927E-01    4.4449E-07   -1.2618E-06   -2.0470E-05
   29    0.0000E+00    0.0000E+00   -9.9935E-01   -3.7260E-07   -1.4531E-06   -2.2112E-05
   30    0.0000E+00    0.0000E+00   -9.9932E-01   -1.1585E-06   -1.5714E-06   -2.3525E-05
   31    0.0000E+00    0.0000E+00   -9.9928E-01   -1.9235E-06   -1.6466E-06   -2.4747E-05
   32    0.0000E+00    0.0000E+00   -9.9925E-01   -2.6634E-06   -1.7017E-06   -2.5801E-05
   33    0.0000E+00    0.0000E+00   -9.9921E-01   -3.3748E-06   -1.7517E-06   -2.6705E-05
   34    0.0000E+00    0.0000E+00   -9.9918E-01   -4.0703E-06   -1.8044E-06   -2.7471E-05
   35    0.0000E+00    0.0000E+00   -9.9913E-01   -4.7651E-06   -1.8564E-06   -2.8104E-05
   36    0.0000E+00    0.0000E+00   -9.9904E-01   -5.4108E-06   -1.8969E-06   -2.8614E-05
   37    0.0000E+00    0.0000E+00   -9.9929E-01    3.9964E-07   -1.5578E-06   -2.0090E-05
   38    0.0000E+00    0.0000E+00   -9.9937E-01   -4.2377E-07   -1.7887E-06   -2.1704E-05
   39    0.0000E+00    0.0000E+00   -9.9935E-01   -1.2032E-06   -1.9277E-06   -2.3093E-05
   40    0.0000E+00    0.0000E+00   -9.9931E-01   -1.9509E-06   -2.0124E-06   -2.4295E-05
   41    0.0000E+00    0.0000E+00   -9.9928E-01   -2.6698E-06   -2.0745E-06   -2.5335E-05
   42    0.0000E+00    0.0000E+00   -9.9925E-01   -3.3609E-06   -2.1332E-06   -2.6229E-05
   43    0.0000E+00    0.0000E+00   -9.9921E-01   -4.0363E-06   -2.1967E-06   -2.6989E-05
   44    0.0000E+00    0.0000E+00   -9.9917E-01   -4.7115E-06   -2.2599E-06   -2.7621E-05
   45    0.0000E+00    0.0000E+00   -9.9908E-01   -5.3567E-06   -2.3121E-06   -2.8130E-05
   46    0.0000E+00    0.0000E+00   -9.9930E-01    3.2877E-07   -1.8388E-06   -1.9650E-05
   47    0.0000E+00    0.0000E+00   -9.9939E-01   -5.0296E-07   -2.1077E-06   -2.1224E-05
   48    0.0000E+00    0.0000E+00   -9.9936E-01   -1.2735E-06   -2.2674E-06   -2.2578E-05
   49    0.0000E+00    0.0000E+00   -9.9934E-01   -2.0010E-06   -2.3634E-06   -2.3751E-05
   50    0.0000E+00    0.0000E+00   -9.9931E-01   -2.6950E-06   -2.4344E-06   -2.4768E-05
   51    0.0000E+00    0.0000E+00   -9.9928E-01   -3.3610E-06   -2.5033E-06   -2.5646E-05
   52    0.0000E+00    0.0000E+00   -9.9925E-01   -4.0128E-06   -2.5790E-06   -2.6395E-05
   53    0.0000E+00    0.0000E+00   -9.9921E-01   -4.6644E-06   -2.6543E-06   -2.7020E-05
   54    0.0000E+00    0.0000E+00   -9.9911E-01   -5.2992E-06   -2.7179E-06   -2.7524E-05
   55    0.0000E+00    0.0000E+00   -9.9931E-01    2.3417E-07   -2.1077E-06   -1.9153E-05
   56    0.0000E+00    0.0000E+00   -9.9941E-01   -6.1148E-07   -2.4117E-06   -2.0673E-05
   57    0.0000E+00    0.0000E+00   -9.9939E-01   -1.3723E-06   -2.5924E-06   -2.1980E-05
   58    0.0000E+00    0.0000E+00   -9.9936E-01   -2.0759E-06   -2.7015E-06   -2.3113E-05
   59    0.0000E+00    0.0000E+00   -9.9933E-01   -2.7402E-06   -2.7834E-06   -2.4098E-05
   60    0.0000E+00    0.0000E+00   -9.9931E-01   -3.3761E-06   -2.8644E-06   -2.4951E-05
   61    0.0000E+00    0.0000E+00   -9.9928E-01   -3.9996E-06   -2.9539E-06   -2.5682E-05
   62    0.0000E+00    0.0000E+00   -9.9924E-01   -4.6229E-06   -3.0429E-06   -2.6294E-05
   63    0.0000E+00    0.0000E+00   -9.9915E-01   -5.2403E-06   -3.1185E-06   -2.6789E-05
   64    0.0000E+00    0.0000E+00   -9.9931E-01    1.1788E-07   -2.3688E-06   -1.8598E-05
   65    0.0000E+00    0.0000E+00   -9.9942E-01   -7.4657E-07   -2.7101E-06   -2.0051E-05
   66    0.0000E+00    0.0000E+00   -9.9940E-01   -1.4951E-06   -2.9160E-06   -2.1296E-05
   67    0.0000E+00    0.0000E+00   -9.9938E-01   -2.1704E-06   -3.0412E-06   -2.2376E-05
   68    0.0000E+00    0.0000E+00   -9.9936E-01   -2.7999E-06   -3.1353E-06   -2.3317E-05
   69    0.0000E+00    0.0000E+00   -9.9934E-01   -3.4007E-06   -3.2285E-06   -2.4136E-05
   70    0.0000E+00    0.0000E+00   -9.9931E-01   -3.9914E-06   -3.3312E-06   -2.4842E-05
   71    0.0000E+00    0.0000E+00   -9.9928E-01   -4.5812E-06   -3.4333E-06   -2.5435E-05
   72    0.0000E+00    0.0000E+00   -9.9919E-01   -5.1753E-06   -3.5183E-06   -2.5915E-05
   73    0.0000E+00    0.0000E+00   -9.9930E-01   -2.2437E-08   -2.6308E-06   -1.7983E-05
   74    0.0000E+00    0.0000E+00   -9.9943E-01   -8.9673E-07   -3.0380E-06   -1.9349E-05
   75    0.0000E+00    0.0000E+00   -9.9942E-01   -1.6230E-06   -3.2834E-06   -2.0517E-05
   76    0.0000E+00    0.0000E+00   -9.9940E-01   -2.2635E-06   -3.4263E-06   -2.1529E-05
   77    0.0000E+00    0.0000E+00   -9.9939E-01   -2.8548E-06   -3.5277E-06   -2.2415E-05
   78    0.0000E+00    0.0000E+00   -9.9937E-01   -3.4182E-06   -3.6254E-06   -2.3190E-05
   79    0.0000E+00    0.0000E+00   -9.9935E-01   -3.9736E-06   -3.7332E-06   -2.3861E-05
   80    0.0000E+00    0.0000E+00   -9.9932E-01   -4.5269E-06   -3.8391E-06   -2.4429E-05
   81    0.0000E+00    0.0000E+00   -9.9924E-01   -5.0935E-06   -3.9240E-06   -2.4889E-05
   82    0.0000E+00    0.0000E+00   -9.9929E-01   -1.9792E-07   -2.9054E-06   -1.7304E-05
   83    0.0000E+00    0.0000E+00   -9.9942E-01   -1.0420E-06   -3.4708E-06   -1.8554E-05
   84    0.0000E+00    0.0000E+00   -9.9943E-01   -1.7240E-06   -3.7734E-06   -1.9622E-05
   85    0.0000E+00    0.0000E+00   -9.9943E-01   -2.3236E-06   -3.9206E-06   -2.0552E-05
   86    0.0000E+00    0.0000E+00   -9.9942E-01   -2.8773E-06   -4.0083E-06   -2.1371E-05
   87    0.0000E+00    0.0000E+00   -9.9941E-01   -3.4052E-06   -4.0893E-06   -2.2093E-05
   88    0.0000E+00    0.0000E+00   -9.9940E-01   -3.9269E-06   -4.1809E-06   -2.2722E-05
   89    0.0000E+00    0.0000E+00   -9.9937E-01   -4.4420E-06   -4.2709E-06   -2.3258E-05
   90    0.0000E+00    0.0000E+00   -9.9929E-01   -4.9815E-06   -4.3376E-06   -2.3691E-05
   91    0.0000E+00    0.0000E+00   -9.9923E-01   -3.9872E-07   -3.2960E-06   -1.6558E-05
   92    0.0000E+00    0.0000E+00   -9.9942E-01   -1.1524E-06   -4.1333E-06   -1.7643E-05
   93    0.0000E+00    0.0000E+00   -9.9946E-01   -1.7676E-06   -4.4551E-06   -1.8582E-05
   94    0.0000E+00    0.0000E+00   -9.9947E-01   -2.3264E-06   -4.5563E-06   -1.9414E-05
   95    0.0000E+00    0.0000E+00   -9.9947E-01   -2.8465E-06   -4.5923E-06   -2.0156E-05
   96    0.0000E+00    0.0000E+00   -9.9947E-01   -3.3431E-06   -4.6255E-06   -2.0816E-05
   97    0.0000E+00    0.0000E+00   -9.9945E-01   -3.8310E-06   -4.6731E-06   -2.1397E-05
   98    0.0000E+00    0.0000E+00   -9.9943E-01   -4.3100E-06   -4.7205E-06   -2.1893E-05
   99    0.0000E+00    0.0000E+00   -9.9936E-01   -4.8231E-06   -4.7573E-06   -2.2295E-05
  100    0.0000E+00    0.0000E+00   -9.9906E-01   -5.6770E-07   -4.2821E-06   -1.5755E-05
  101    0.0000E+00    0.0000E+00   -9.9942E-01   -1.1461E-06   -5.2013E-06   -1.6576E-05
  102    0.0000E+00    0.0000E+00   -9.9950E-01   -1.7680E-06   -5.2838E-06   -1.7351E-05
  103    0.0000E+00    0.0000E+00   -9.9953E-01   -2.3312E-06   -5.2164E-06   -1.8069E-05
  104    0.0000E+00    0.0000E+00   -9.9954E-01   -2.8382E-06   -5.1449E-06   -1.8723E-05
  105    0.0000E+00    0.0000E+00   -9.9954E-01   -3.3053E-06   -5.1089E-06   -1.9314E-05
  106    0.0000E+00    0.0000E+00   -9.9953E-01   -3.7504E-06   -5.1092E-06   -1.9838E-05
  107    0.0000E+00    0.0000E+00   -9.9950E-01   -4.1756E-06   -5.1382E-06   -2.0289E-05
  108    0.0000E+00    0.0000E+00   -9.9944E-01   -4.6249E-06   -5.1721E-06   -2.0657E-05
  109    0.0000E+00    0.0000E+00   -9.9939E-01   -1.0423E-05   -2.0009E-06   -1.8715E-05
  110    0.0000E+00    0.0000E+00   -9.9948E-01   -1.0329E-05   -1.9806E-06   -1.6373E-05
  111    0.0000E+00    0.0000E+00   -9.9963E-01   -1.0082E-05   -1.6083E-06   -1.3395E-05
  112    0.0000E+00    0.0000E+00   -9.9980E-01   -9.3835E-06   -1.0929E-06   -9.1475E-06
  113    0.0000E+00    0.0000E+00   -9.9961E-01   -1.0389E-05   -2.3863E-06   -1.8386E-05
  114    0.0000E+00    0.0000E+00   -9.9966E-01   -1.0329E-05   -2.2304E-06   -1.6091E-05
  115    0.0000E+00    0.0000E+00   -9.9976E-01   -1.0108E-05   -1.7363E-06   -1.3167E-05
  116    0.0000E+00    0.0000E+00   -9.9987E-01   -9.3913E-06   -1.2327E-06   -8.9907E-06
  117    0.0000E+00    0.0000E+00   -9.9966E-01   -1.0390E-05   -2.7659E-06   -1.7987E-05
  118    0.0000E+00    0.0000E+00   -9.9971E-01   -1.0359E-05   -2.4878E-06   -1.5748E-05
  119    0.0000E+00    0.0000E+00   -9.9979E-01   -1.0151E-05   -1.8778E-06   -1.2889E-05
  120    0.0000E+00    0.0000E+00   -9.9990E-01   -9.4156E-06   -1.3467E-06   -8.8010E-06
  121    0.0000E+00    0.0000E+00   -9.9968E-01   -1.0362E-05   -3.1194E-06   -1.7522E-05
  122    0.0000E+00    0.0000E+00   -9.9972E-01   -1.0382E-05   -2.7103E-06   -1.5344E-05
  123    0.0000E+00    0.0000E+00   -9.9980E-01   -1.0202E-05   -2.0147E-06   -1.2568E-05
  124    0.0000E+00    0.0000E+00   -9.9991E-01   -9.4479E-06   -1.4468E-06   -8.5833E-06
  125    0.0000E+00    0.0000E+00   -9.9969E-01   -1.0246E-05   -3.7271E-06   -1.7003E-05
  126    0.0000E+00    0.0000E+00   -9.9973E-01   -1.0565E-05   -2.8593E-06   -1.4903E-05
  127    0.0000E+00    0.0000E+00   -9.9981E-01   -1.0286E-05   -2.1166E-06   -1.2217E-05
  128    0.0000E+00    0.0000E+00   -9.9991E-01   -9.4897E-06   -1.5209E-06   -8.3466E-06
  129    0.0000E+00    0.0000E+00   -9.9969E-01   -1.0249E-05   -4.2225E-06   -1.6448E-05
  130    0.0000E+00    0.0000E+00   -9.9974E-01   -1.0649E-05   -3.1270E-06   -1.4447E-05
  131    0.0000E+00    0.0000E+00   -9.9982E-01   -1.0359E-05   -2.2307E-06   -1.1855E-05
  132    0.0000E+00    0.0000E+00   -9.9992E-01   -9.5315E-06   -1.5752E-06   -8.1035E-06
  133    0.0000E+00    0.0000E+00   -9.9967E-01   -1.0367E-05   -4.4205E-06   -1.5858E-05
  134    0.0000E+00    0.0000E+00   -9.9973E-01   -1.0588E-05   -3.4843E-06   -1.3979E-05
  135    0.0000E+00    0.0000E+00   -9.9982E-01   -1.0402E-05   -2.3438E-06   -1.1497E-05
  136    0.0000E+00    0.0000E+00   -9.9992E-01   -9.5685E-06   -1.5954E-06   -7.8682E-06
  137    0.0000E+00    0.0000E+00   -9.9962E-01   -1.0443E-05   -4.6097E-06   -1.5262E-05
  138    0.0000E+00    0.0000E+00   -9.9971E-01   -1.0678E-05   -3.5662E-06   -1.3537E-05
  139    0.0000E+00    0.0000E+00   -9.9981E-01   -1.0479E-05   -2.2892E-06   -1.1178E-05
  140    0.0000E+00    0.0000E+00   -9.9992E-01   -9.6099E-06   -1.5277E-06   -7.6666E-06
  141    0.0000E+00    0.0000E+00   -9.9949E-01   -1.0754E-05   -4.4862E-06   -1.4761E-05
  142    0.0000E+00    0.0000E+00   -9.9967E-01   -1.0962E-05   -3.1562E-06   -1.3222E-05
  143    0.0000E+00    0.0000E+00   -9.9979E-01   -1.0596E-05   -1.9185E-06   -1.0968E-05
  144    0.0000E+00    0.0000E+00   -9.9991E-01   -9.6471E-06   -1.3299E-06   -7.5356E-06
  145    0.0000E+00    0.0000E+00   -9.9980E-01   -1.6222E-06    7.3940E-06   -7.5242E-06
  146    0.0000E+00    0.0000E+00   -9.9976E-01   -1.6339E-06    7.3564E-06   -7.6319E-06
  147    0.0000E+00    0.0000E+00   -9.9976E-01   -1.6838E-06    7.3188E-06   -7.8095E-06
  148    0.0000E+00    0.0000E+00   -9.9976E-01   -1.7762E-06    7.2890E-06   -8.0205E-06
  149    0.0000E+00    0.0000E+00   -9.9976E-01   -1.8750E-06    7.2507E-06   -8.2448E-06
  150    0.0000E+00    0.0000E+00   -9.9976E-01   -1.9787E-06    7.2178E-06   -8.4641E-06
  151    0.0000E+00    0.0000E+00   -9.9977E-01   -2.0819E-06    7.1901E-06   -8.6715E-06
  152    0.0000E+00    0.0000E+00   -9.9977E-01   -2.1814E-06    7.1668E-06   -8.8637E-06
  153    0.0000E+00    0.0000E+00   -9.9977E-01   -2.2746E-06    7.1483E-06   -9.0365E-06
  154    0.0000E+00    0.0000E+00   -9.9977E-01   -2.3576E-06    7.1364E-06   -9.1829E-06
  155    0.0000E+00    0.0000E+00   -9.9978E-01   -2.4250E-06    7.1339E-06   -9.2920E-06
  156    0.0000E+00    0.0000E+00   -9.9978E-01   -2.4663E-06    7.1483E-06   -9.3453E-06
  157    0.0000E+00    0.0000E+00   -9.9973E-01   -2.3090E-06    7.2919E-06   -1.0955E-05
  158    0.0000E+00    0.0000E+00   -9.9969E-01   -2.1801E-06    7.1846E-06   -1.1138E-05
  159    0.0000E+00    0.0000E+00   -9.9968E-01   -2.2170E-06    7.0987E-06   -1.1425E-05
  160    0.0000E+00    0.0000E+00   -9.9969E-01   -2.3283E-06    7.0132E-06   -1.1756E-05
  161    0.0000E+00    0.0000E+00   -9.9969E-01   -2.4809E-06    6.9524E-06   -1.2094E-05
  162    0.0000E+00    0.0000E+00   -9.9969E-01   -2.6516E-06    6.9034E-06   -1.2421E-05
  163    0.0000E+00    0.0000E+00   -9.9969E-01   -2.8256E-06    6.8651E-06   -1.2726E-05
  164    0.0000E+00    0.0000E+00   -9.9970E-01   -2.9959E-06    6.8374E-06   -1.3007E-05
  165    0.0000E+00    0.0000E+00   -9.9970E-01   -3.1622E-06    6.8195E-06   -1.3257E-05
  166    0.0000E+00    0.0000E+00   -9.9970E-01   -3.3268E-06    6.8112E-06   -1.3468E-05
  167    0.0000E+00    0.0000E+00   -9.9970E-01   -3.4892E-06    6.8145E-06   -1.3623E-05
  168    0.0000E+00    0.0000E+00   -9.9969E-01   -3.6712E-06    6.8185E-06   -1.3699E-05
  169    0.0000E+00    0.0000E+00   -9.9967E-01   -2.7096E-06    7.1138E-06   -1.3212E-05
  170    0.0000E+00    0.0000E+00   -9.9964E-01   -2.4022E-06    6.8470E-06   -1.3500E-05
  171    0.0000E+00    0.0000E+00   -9.9965E-01   -2.4379E-06    6.6677E-06   -1.3910E-05
  172    0.0000E+00    0.0000E+00   -9.9966E-01   -2.6025E-06    6.5525E-06   -1.4353E-05
  173    0.0000E+00    0.0000E+00   -9.9966E-01   -2.8206E-06    6.4765E-06   -1.4788E-05
  174    0.0000E+00    0.0000E+00   -9.9966E-01   -3.0584E-06    6.4244E-06   -1.5199E-05
  175    0.0000E+00    0.0000E+00   -9.9967E-01   -3.2983E-06    6.3917E-06   -1.5579E-05
  176    0.0000E+00    0.0000E+00   -9.9966E-01   -3.5326E-06    6.3769E-06   -1.5924E-05
  177    0.0000E+00    0.0000E+00   -9.9966E-01   -3.7639E-06    6.3771E-06   -1.6228E-05
  178    0.0000E+00    0.0000E+00   -9.9966E-01   -4.0001E-06    6.3890E-06   -1.6482E-05
  179    0.0000E+00    0.0000E+00   -9.9965E-01   -4.2576E-06    6.4026E-06   -1.6667E-05
  180    0.0000E+00    0.0000E+00   -9.9962E-01   -4.5552E-06    6.3955E-06   -1.6759E-05
  181    0.0000E+00    0.0000E+00   -9.9982E-01   -2.5858E-06    6.7885E-06   -1.4758E-05
  182    0.0000E+00    0.0000E+00   -9.9985E-01   -2.2485E-06    6.3248E-06   -1.5234E-05
  183    0.0000E+00    0.0000E+00   -9.9986E-01   -2.3957E-06    6.1478E-06   -1.5797E-05
  184    0.0000E+00    0.0000E+00   -9.9986E-01   -2.6540E-06    6.0633E-06   -1.6355E-05
  185    0.0000E+00    0.0000E+00   -9.9986E-01   -2.9512E-06    6.0103E-06   -1.6880E-05
  186    0.0000E+00    0.0000E+00   -9.9985E-01   -3.2608E-06    5.9763E-06   -1.7364E-05
  187    0.0000E+00    0.0000E+00   -9.9984E-01   -3.5691E-06    5.9600E-06   -1.7806E-05
  188    0.0000E+00    0.0000E+00   -9.9983E-01   -3.8703E-06    5.9613E-06   -1.8202E-05
  189    0.0000E+00    0.0000E+00   -9.9982E-01   -4.1690E-06    5.9754E-06   -1.8548E-05
  190    0.0000E+00    0.0000E+00   -9.9981E-01   -4.4866E-06    5.9914E-06   -1.8837E-05
  191    0.0000E+00    0.0000E+00   -9.9978E-01   -4.8479E-06    5.9954E-06   -1.9048E-05
  192    0.0000E+00    0.0000E+00   -9.9970E-01   -5.2494E-06    5.9718E-06   -1.9159E-05
  193    0.0000E+00    0.0000E+00   -9.9969E-01   -1.3415E-06    7.4146E-06   -6.8914E-06
  194    0.0000E+00    0.0000E+00   -9.9971E-01   -1.3620E-06    7.3489E-06   -7.0916E-06
  195    0.0000E+00    0.0000E+00   -9.9972E-01   -1.4392E-06    7.2912E-06   -7.3717E-06
  196    0.0000E+00    0.0000E+00   -9.9973E-01   -1.5406E-06    7.2454E-06   -7.6590E-06
  197    0.0000E+00    0.0000E+00   -9.9973E-01   -1.6498E-06    7.2110E-06   -7.9287E-06
  198    0.0000E+00    0.0000E+00   -9.9974E-01   -1.7593E-06    7.1852E-06   -8.1750E-06
  199    0.0000E+00    0.0000E+00   -9.9975E-01   -1.8655E-06    7.1663E-06   -8.3989E-06
  200    0.0000E+00    0.0000E+00   -9.9975E-01   -1.9663E-06    7.1530E-06   -8.6017E-06
  201    0.0000E+00    0.0000E+00   -9.9975E-01   -2.0604E-06    7.1452E-06   -8.7838E-06
  202    0.0000E+00    0.0000E+00   -9.9976E-01   -2.1468E-06    7.1427E-06   -8.9451E-06
  203    0.0000E+00    0.0000E+00   -9.9976E-01   -2.2247E-06    7.1452E-06   -9.0849E-06
  204    0.0000E+00    0.0000E+00   -9.9976E-01   -2.2935E-06    7.1525E-06   -9.2022E-06
  205    0.0000E+00    0.0000E+00   -9.9976E-01   -2.3524E-06    7.1645E-06   -9.2959E-06
  206    0.0000E+00    0.0000E+00   -9.9977E-01   -2.4003E-06    7.1814E-06   -9.3634E-06
  207    0.0000E+00    0.0000E+00   -9.9977E-01   -2.4351E-06    7.2040E-06   -9.4003E-06
  208    0.0000E+00    0.0000E+00   -9.9978E-01   -2.4533E-06    7.2325E-06   -9.4010E-06
  209    0.0000E+00    0.0000E+00   -9.9979E-01   -2.4566E-06    7.2664E-06   -9.3615E-06
  210    0.0000E+00    0.0000E+00   -9.9986E-01   -2.4709E-06    7.3123E-06   -9.2731E-06
  211    0.0000E+00    0.0000E+00   -9.9954E-01   -1.7376E-06    7.3251E-06   -9.9315E-06
  212    0.0000E+00    0.0000E+00   -9.9960E-01   -1.6086E-06    7.1276E-06   -1.0295E-05
  213    0.0000E+00    0.0000E+00   -9.9963E-01   -1.7424E-06    6.9959E-06   -1.0758E-05
  214    0.0000E+00    0.0000E+00   -9.9964E-01   -1.9190E-06    6.8909E-06   -1.1206E-05
  215    0.0000E+00    0.0000E+00   -9.9966E-01   -2.1144E-06    6.8216E-06   -1.1618E-05
  216    0.0000E+00    0.0000E+00   -9.9966E-01   -2.3070E-06    6.7753E-06   -1.1989E-05
  217    0.0000E+00    0.0000E+00   -9.9967E-01   -2.4909E-06    6.7459E-06   -1.2323E-05
  218    0.0000E+00    0.0000E+00   -9.9967E-01   -2.6654E-06    6.7304E-06   -1.2624E-05
  219    0.0000E+00    0.0000E+00   -9.9967E-01   -2.8301E-06    6.7276E-06   -1.2893E-05
  220    0.0000E+00    0.0000E+00   -9.9968E-01   -2.9844E-06    6.7367E-06   -1.3129E-05
  221    0.0000E+00    0.0000E+00   -9.9968E-01   -3.1273E-06    6.7568E-06   -1.3332E-05
  222    0.0000E+00    0.0000E+00   -9.9968E-01   -3.2580E-06    6.7872E-06   -1.3501E-05
  223    0.0000E+00    0.0000E+00   -9.9968E-01   -3.3763E-06    6.8269E-06   -1.3634E-05
  224    0.0000E+00    0.0000E+00   -9.9968E-01   -3.4829E-06    6.8745E-06   -1.3727E-05
  225    0.0000E+00    0.0000E+00   -9.9969E-01   -3.5810E-06    6.9278E-06   -1.3777E-05
  226    0.0000E+00    0.0000E+00   -9.9970E-01   -3.6677E-06    6.9867E-06   -1.3774E-05
  227    0.0000E+00    0.0000E+00   -9.9972E-01   -3.7388E-06    7.0503E-06   -1.3714E-05
  228    0.0000E+00    0.0000E+00   -9.9981E-01   -3.8712E-06    7.1101E-06   -1.3582E-05
  229    0.0000E+00    0.0000E+00   -9.9931E-01   -1.3997E-06    7.0779E-06   -1.1776E-05
  230    0.0000E+00    0.0000E+00   -9.9951E-01   -1.4373E-06    6.6958E-06   -1.2420E-05
  231    0.0000E+00    0.0000E+00   -9.9956E-01   -1.8426E-06    6.5377E-06   -1.3075E-05
  232    0.0000E+00    0.0000E+00   -9.9958E-01   -2.0522E-06    6.4192E-06   -1.3657E-05
  233    0.0000E+00    0.0000E+00   -9.9959E-01   -2.3121E-06    6.3675E-06   -1.4179E-05
  234    0.0000E+00    0.0000E+00   -9.9960E-01   -2.5673E-06    6.3282E-06   -1.4645E-05
  235    0.0000E+00    0.0000E+00   -9.9960E-01   -2.8133E-06    6.3003E-06   -1.5062E-05
  236    0.0000E+00    0.0000E+00   -9.9960E-01   -3.0495E-06    6.2860E-06   -1.5436E-05
  237    0.0000E+00    0.0000E+00   -9.9961E-01   -3.2755E-06    6.2870E-06   -1.5768E-05
  238    0.0000E+00    0.0000E+00   -9.9961E-01   -3.4899E-06    6.3036E-06   -1.6059E-05
  239    0.0000E+00    0.0000E+00   -9.9961E-01   -3.6914E-06    6.3351E-06   -1.6306E-05
  240    0.0000E+00    0.0000E+00   -9.9961E-01   -3.8789E-06    6.3800E-06   -1.6510E-05
  241    0.0000E+00    0.0000E+00   -9.9961E-01   -4.0526E-06    6.4364E-06   -1.6668E-05
  242    0.0000E+00    0.0000E+00   -9.9961E-01   -4.2153E-06    6.5010E-06   -1.6777E-05
  243    0.0000E+00    0.0000E+00   -9.9961E-01   -4.3734E-06    6.5688E-06   -1.6833E-05
  244    0.0000E+00    0.0000E+00   -9.9962E-01   -4.5296E-06    6.6396E-06   -1.6828E-05
  245    0.0000E+00    0.0000E+00   -9.9964E-01   -4.6855E-06    6.7194E-06   -1.6754E-05
  246    0.0000E+00    0.0000E+00   -9.9977E-01   -4.9360E-06    6.7684E-06   -1.6599E-05
  247    0.0000E+00    0.0000E+00   -9.9960E-01    1.2001E-06    1.0192E-06   -1.8973E-05
  248    0.0000E+00    0.0000E+00   -9.9950E-01    3.0796E-07    1.0483E-06   -2.0941E-05
  249    0.0000E+00    0.0000E+00   -9.9944E-01   -5.5260E-07    1.0666E-06   -2.2604E-05
  250    0.0000E+00    0.0000E+00   -9.9938E-01   -1.3747E-06    1.0961E-06   -2.4025E-05
  251    0.0000E+00    0.0000E+00   -9.9933E-01   -2.1601E-06    1.1368E-06   -2.5243E-05
  252    0.0000E+00    0.0000E+00   -9.9929E-01   -2.9110E-06    1.1857E-06   -2.6284E-05
  253    0.0000E+00    0.0000E+00   -9.9925E-01   -3.6242E-06    1.2435E-06   -2.7169E-05
  254    0.0000E+00    0.0000E+00   -9.9922E-01   -4.2982E-06    1.3089E-06   -2.7911E-05
  255    0.0000E+00    0.0000E+00   -9.9919E-01   -4.9332E-06    1.3795E-06   -2.8520E-05
  256    0.0000E+00    0.0000E+00   -9.9916E-01   -5.5315E-06    1.4516E-06   -2.9004E-05
  257    0.0000E+00    0.0000E+00   -9.9914E-01   -6.0991E-06    1.5190E-06   -2.9369E-05
  258    0.0000E+00    0.0000E+00   -9.9910E-01   -6.6509E-06    1.5885E-06   -2.9616E-05
  259    0.0000E+00    0.0000E+00   -9.9902E-01   -7.1548E-06    1.5391E-06   -2.9746E-05
  260    0.0000E+00    0.0000E+00   -9.9961E-01    1.1897E-06    6.7334E-07   -1.9149E-05
  261    0.0000E+00    0.0000E+00   -9.9952E-01    2.9517E-07    6.5884E-07   -2.1136E-05
  262    0.0000E+00    0.0000E+00   -9.9945E-01   -5.5296E-07    6.6048E-07   -2.2818E-05
  263    0.0000E+00    0.0000E+00   -9.9939E-01   -1.3655E-06    6.8105E-07   -2.4256E-05
  264    0.0000E+00    0.0000E+00   -9.9935E-01   -2.1445E-06    7.1696E-07   -2.5489E-05
  265    0.0000E+00    0.0000E+00   -9.9930E-01   -2.8895E-06    7.6368E-07   -2.6543E-05
  266    0.0000E+00    0.0000E+00   -9.9927E-01   -3.5985E-06    8.1844E-07   -2.7437E-05
  267    0.0000E+00    0.0000E+00   -9.9923E-01   -4.2698E-06    8.7900E-07   -2.8185E-05
  268    0.0000E+00    0.0000E+00   -9.9920E-01   -4.9031E-06    9.4334E-07   -2.8797E-05
  269    0.0000E+00    0.0000E+00   -9.9917E-01   -5.4990E-06    1.0095E-06   -2.9281E-05
  270    0.0000E+00    0.0000E+00   -9.9914E-01   -6.0612E-06    1.0728E-06   -2.9643E-05
  271    0.0000E+00    0.0000E+00   -9.9911E-01   -6.6165E-06    1.0818E-06   -2.9886E-05
  272    0.0000E+00    0.0000E+00   -9.9902E-01   -7.1260E-06    1.0808E-06   -3.0010E-05
  273    0.0000E+00    0.0000E+00   -9.9962E-01    1.1988E-06    3.4762E-07   -1.9237E-05
  274    0.0000E+00    0.0000E+00   -9.9953E-01    3.0607E-07    2.9808E-07   -2.1240E-05
  275    0.0000E+00    0.0000E+00   -9.9947E-01   -5.3621E-07    2.8240E-07   -2.2937E-05
  276    0.0000E+00    0.0000E+00   -9.9941E-01   -1.3427E-06    2.9443E-07   -2.4389E-05
  277    0.0000E+00    0.0000E+00   -9.9936E-01   -2.1170E-06    3.2538E-07   -2.5634E-05
  278    0.0000E+00    0.0000E+00   -9.9932E-01   -2.8584E-06    3.6788E-07   -2.6698E-05
  279    0.0000E+00    0.0000E+00   -9.9928E-01   -3.5649E-06    4.1710E-07   -2.7600E-05
  280    0.0000E+00    0.0000E+00   -9.9924E-01   -4.2351E-06    4.7001E-07   -2.8353E-05
  281    0.0000E+00    0.0000E+00   -9.9921E-01   -4.8682E-06    5.2467E-07   -2.8968E-05
  282    0.0000E+00    0.0000E+00   -9.9918E-01   -5.4644E-06    5.7988E-07   -2.9452E-05
  283    0.0000E+00    0.0000E+00   -9.9916E-01   -6.0262E-06    6.3153E-07   -2.9812E-05
  284    0.0000E+00    0.0000E+00   -9.9912E-01   -6.5723E-06    6.2384E-07   -3.0051E-05
  285    0.0000E+00    0.0000E+00   -9.9903E-01   -7.0815E-06    6.2337E-07   -3.0172E-05
  286    0.0000E+00    0.0000E+00   -9.9964E-01    1.2132E-06    3.2704E-08   -1.9248E-05
  287    0.0000E+00    0.0000E+00   -9.9954E-01    3.2174E-07   -4.6152E-08   -2.1261E-05
  288    0.0000E+00    0.0000E+00   -9.9948E-01   -5.1643E-07   -7.8009E-08   -2.2969E-05
  289    0.0000E+00    0.0000E+00   -9.9943E-01   -1.3179E-06   -7.4581E-08   -2.4431E-05
  290    0.0000E+00    0.0000E+00   -9.9938E-01   -2.0874E-06   -4.9160E-08   -2.5685E-05
  291    0.0000E+00    0.0000E+00   -9.9933E-01   -2.8249E-06   -1.2035E-08   -2.6757E-05
  292    0.0000E+00    0.0000E+00   -9.9930E-01   -3.5286E-06    3.0273E-08   -2.7664E-05
  293    0.0000E+00    0.0000E+00   -9.9926E-01   -4.1969E-06    7.4031E-08   -2.8421E-05
  294    0.0000E+00    0.0000E+00   -9.9923E-01   -4.8292E-06    1.1729E-07   -2.9038E-05
  295    0.0000E+00    0.0000E+00   -9.9920E-01   -5.4252E-06    1.5941E-07   -2.9522E-05
  296    0.0000E+00    0.0000E+00   -9.9917E-01   -5.9869E-06    1.9721E-07   -2.9881E-05
  297    0.0000E+00    0.0000E+00   -9.9914E-01   -6.5229E-06    1.8659E-07   -3.0117E-05
  298    0.0000E+00    0.0000E+00   -9.9905E-01   -7.0138E-06    1.7683E-07   -3.0234E-05
  299    0.0000E+00    0.0000E+00   -9.9965E-01    1.2207E-06   -2.7470E-07   -1.9192E-05
  300    0.0000E+00    0.0000E+00   -9.9956E-01    3.3023E-07   -3.8032E-07   -2.1208E-05
  301    0.0000E+00    0.0000E+00   -9.9949E-01   -5.0382E-07   -4.2779E-07   -2.2921E-05
  302    0.0000E+00    0.0000E+00   -9.9944E-01   -1.2994E-06   -4.3326E-07   -2.4388E-05
  303    0.0000E+00    0.0000E+00   -9.9939E-01   -2.0629E-06   -4.1397E-07   -2.5647E-05
  304    0.0000E+00    0.0000E+00   -9.9935E-01   -2.7948E-06   -3.8297E-07   -2.6722E-05
  305    0.0000E+00    0.0000E+00   -9.9931E-01   -3.4937E-06   -3.4836E-07   -2.7633E-05
  306    0.0000E+00    0.0000E+00   -9.9928E-01   -4.1582E-06   -3.1454E-07   -2.8392E-05
  307    0.0000E+00    0.0000E+00   -9.9925E-01   -4.7875E-06   -2.8350E-07   -2.9009E-05
  308    0.0000E+00    0.0000E+00   -9.9922E-01   -5.3816E-06   -2.5536E-07   -2.9494E-05
  309    0.0000E+00    0.0000E+00   -9.9919E-01   -5.9417E-06   -2.2884E-07   -2.9850E-05
  310    0.0000E+00    0.0000E+00   -9.9915E-01   -6.4596E-06   -2.6445E-07   -3.0084E-05
  311    0.0000E+00    0.0000E+00   -9.9907E-01   -6.9522E-06   -2.8320E-07   -3.0199E-05
  312    0.0000E+00    0.0000E+00   -9.9966E-01    1.2149E-06   -5.7629E-07   -1.9074E-05
  313    0.0000E+00    0.0000E+00   -9.9957E-01    3.2501E-07   -7.0772E-07   -2.1086E-05
  314    0.0000E+00    0.0000E+00   -9.9951E-01   -5.0431E-07   -7.7078E-07   -2.2797E-05
  315    0.0000E+00    0.0000E+00   -9.9946E-01   -1.2926E-06   -7.8560E-07   -2.4263E-05
  316    0.0000E+00    0.0000E+00   -9.9941E-01   -2.0478E-06   -7.7305E-07   -2.5521E-05
  317    0.0000E+00    0.0000E+00   -9.9937E-01   -2.7715E-06   -7.4876E-07   -2.6597E-05
  318    0.0000E+00    0.0000E+00   -9.9934E-01   -3.4629E-06   -7.2236E-07   -2.7507E-05
  319    0.0000E+00    0.0000E+00   -9.9930E-01   -4.1207E-06   -6.9892E-07   -2.8266E-05
  320    0.0000E+00    0.0000E+00   -9.9927E-01   -4.7443E-06   -6.8045E-07   -2.8883E-05
  321    0.0000E+00    0.0000E+00   -9.9924E-01   -5.3339E-06   -6.6664E-07   -2.9366E-05
  322    0.0000E+00    0.0000E+00   -9.9922E-01   -5.8894E-06   -6.5957E-07   -2.9721E-05
  323    0.0000E+00    0.0000E+00   -9.9918E-01   -6.3977E-06   -7.0618E-07   -2.9953E-05
  324    0.0000E+00    0.0000E+00   -9.9909E-01   -6.8898E-06   -7.3886E-07   -3.0067E-05
  325    0.0000E+00    0.0000E+00   -9.9967E-01    1.1933E-06   -8.7264E-07   -1.8899E-05
  326    0.0000E+00    0.0000E+00   -9.9958E-01    3.0281E-07   -1.0296E-06   -2.0899E-05
  327    0.0000E+00    0.0000E+00   -9.9952E-01   -5.2109E-07   -1.1085E-06   -2.2600E-05
  328    0.0000E+00    0.0000E+00   -9.9947E-01   -1.3001E-06   -1.1333E-06   -2.4058E-05
  329    0.0000E+00    0.0000E+00   -9.9943E-01   -2.0444E-06   -1.1281E-06   -2.5310E-05
  330    0.0000E+00    0.0000E+00   -9.9939E-01   -2.7569E-06   -1.1111E-06   -2.6381E-05
  331    0.0000E+00    0.0000E+00   -9.9935E-01   -3.4375E-06   -1.0933E-06   -2.7287E-05
  332    0.0000E+00    0.0000E+00   -9.9932E-01   -4.0855E-06   -1.0806E-06   -2.8043E-05
  333    0.0000E+00    0.0000E+00   -9.9930E-01   -4.7003E-06   -1.0749E-06   -2.8658E-05
  334    0.0000E+00    0.0000E+00   -9.9927E-01   -5.2826E-06   -1.0755E-06   -2.9139E-05
  335    0.0000E+00    0.0000E+00   -9.9924E-01   -5.8301E-06   -1.0869E-06   -2.9492E-05
  336    0.0000E+00    0.0000E+00   -9.9920E-01   -6.3303E-06   -1.1421E-06   -2.9723E-05
  337    0.0000E+00    0.0000E+00   -9.9912E-01   -6.8207E-06   -1.1826E-06   -2.9835E-05
  338    0.0000E+00    0.0000E+00   -9.9968E-01    1.1546E-06   -1.1633E-06   -1.8669E-05
  339    0.0000E+00    0.0000E+00   -9.9959E-01    2.6193E-07   -1.3456E-06   -2.0648E-05
  340    0.0000E+00    0.0000E+00   -9.9954E-01   -5.5588E-07   -1.4409E-06   -2.2330E-05
  341    0.0000E+00    0.0000E+00   -9.9949E-01   -1.3236E-06   -1.4763E-06   -2.3774E-05
  342    0.0000E+00    0.0000E+00   -9.9944E-01   -2.0540E-06   -1.4793E-06   -2.5014E-05
  343    0.0000E+00    0.0000E+00   -9.9941E-01   -2.7519E-06   -1.4702E-06   -2.6074E-05
  344    0.0000E+00    0.0000E+00   -9.9938E-01   -3.4183E-06   -1.4616E-06   -2.6973E-05
  345    0.0000E+00    0.0000E+00   -9.9935E-01   -4.0529E-06   -1.4598E-06   -2.7722E-05
  346    0.0000E+00    0.0000E+00   -9.9932E-01   -4.6556E-06   -1.4671E-06   -2.8332E-05
  347    0.0000E+00    0.0000E+00   -9.9929E-01   -5.2276E-06   -1.4823E-06   -2.8810E-05
  348    0.0000E+00    0.0000E+00   -9.9927E-01   -5.7650E-06   -1.5100E-06   -2.9161E-05
  349    0.0000E+00    0.0000E+00   -9.9923E-01   -6.2560E-06   -1.5740E-06   -2.9390E-05
  350    0.0000E+00    0.0000E+00   -9.9915E-01   -6.7437E-06   -1.6212E-06   -2.9501E-05
  351    0.0000E+00    0.0000E+00   -9.9969E-01    1.0979E-06   -1.4467E-06   -1.8386E-05
  352    0.0000E+00    0.0000E+00   -9.9961E-01    2.0117E-07   -1.6543E-06   -2.0333E-05
  353    0.0000E+00    0.0000E+00   -9.9955E-01   -6.0989E-07   -1.7666E-06   -2.1989E-05
  354    0.0000E+00    0.0000E+00   -9.9950E-01   -1.3639E-06   -1.8137E-06   -2.3410E-05
  355    0.0000E+00    0.0000E+00   -9.9946E-01   -2.0772E-06   -1.8258E-06   -2.4630E-05
  356    0.0000E+00    0.0000E+00   -9.9943E-01   -2.7571E-06   -1.8254E-06   -2.5675E-05
  357    0.0000E+00    0.0000E+00   -9.9940E-01   -3.4056E-06   -1.8264E-06   -2.6561E-05
  358    0.0000E+00    0.0000E+00   -9.9937E-01   -4.0231E-06   -1.8361E-06   -2.7301E-05
  359    0.0000E+00    0.0000E+00   -9.9935E-01   -4.6102E-06   -1.8566E-06   -2.7904E-05
  360    0.0000E+00    0.0000E+00   -9.9933E-01   -5.1687E-06   -1.8865E-06   -2.8377E-05
  361    0.0000E+00    0.0000E+00   -9.9930E-01   -5.6940E-06   -1.9295E-06   -2.8724E-05
  362    0.0000E+00    0.0000E+00   -9.9926E-01   -6.1745E-06   -2.0030E-06   -2.8952E-05
  363    0.0000E+00    0.0000E+00   -9.9918E-01   -6.6588E-06   -2.0575E-06   -2.9061E-05
  364    0.0000E+00    0.0000E+00   -9.9970E-01    1.0227E-06   -1.7208E-06   -1.8050E-05
  365    0.0000E+00    0.0000E+00   -9.9962E-01    1.1933E-07   -1.9534E-06   -1.9956E-05
  366    0.0000E+00    0.0000E+00   -9.9956E-01   -6.8432E-07   -2.0836E-06   -2.1576E-05
  367    0.0000E+00    0.0000E+00   -9.9952E-01   -1.4221E-06   -2.1437E-06   -2.2964E-05
  368    0.0000E+00    0.0000E+00   -9.9948E-01   -2.1149E-06   -2.1660E-06   -2.4158E-05
  369    0.0000E+00    0.0000E+00   -9.9945E-01   -2.7728E-06   -2.1753E-06   -2.5181E-05
  370    0.0000E+00    0.0000E+00   -9.9942E-01   -3.3994E-06   -2.1869E-06   -2.6049E-05
  371    0.0000E+00    0.0000E+00   -9.9940E-01   -3.9961E-06   -2.2086E-06   -2.6776E-05
  372    0.0000E+00    0.0000E+00   -9.9938E-01   -4.5638E-06   -2.2428E-06   -2.7369E-05
  373    0.0000E+00    0.0000E+00   -9.9935E-01   -5.1055E-06   -2.2878E-06   -2.7835E-05
  374    0.0000E+00    0.0000E+00   -9.9933E-01   -5.6165E-06   -2.3456E-06   -2.8179E-05
  375    0.0000E+00    0.0000E+00   -9.9930E-01   -6.0857E-06   -2.4290E-06   -2.8403E-05
  376    0.0000E+00    0.0000E+00   -9.9921E-01   -6.5654E-06   -2.4919E-06   -2.8510E-05
  377    0.0000E+00    0.0000E+00   -9.9971E-01    9.2795E-07   -1.9828E-06   -1.7662E-05
  378    0.0000E+00    0.0000E+00   -9.9963E-01    1.4993E-08   -2.2400E-06   -1.9516E-05
  379    0.0000E+00    0.0000E+00   -9.9957E-01   -7.8062E-07   -2.3894E-06   -2.1089E-05
  380    0.0000E+00    0.0000E+00   -9.9953E-01   -1.4993E-06   -2.4642E-06   -2.2437E-05
  381    0.0000E+00    0.0000E+00   -9.9950E-01   -2.1679E-06   -2.4984E-06   -2.3596E-05
  382    0.0000E+00    0.0000E+00   -9.9947E-01   -2.7996E-06   -2.5187E-06   -2.4589E-05
  383    0.0000E+00    0.0000E+00   -9.9945E-01   -3.4001E-06   -2.5419E-06   -2.5434E-05
  384    0.0000E+00    0.0000E+00   -9.9943E-01   -3.9716E-06   -2.5764E-06   -2.6143E-05
  385    0.0000E+00    0.0000E+00   -9.9941E-01   -4.5161E-06   -2.6250E-06   -2.6723E-05
  386    0.0000E+00    0.0000E+00   -9.9939E-01   -5.0373E-06   -2.6855E-06   -2.7180E-05
  387    0.0000E+00    0.0000E+00   -9.9937E-01   -5.5316E-06   -2.7583E-06   -2.7518E-05
  388    0.0000E+00    0.0000E+00   -9.9933E-01   -5.9883E-06   -2.8522E-06   -2.7739E-05
  389    0.0000E+00    0.0000E+00   -9.9925E-01   -6.4621E-06   -2.9242E-06   -2.7844E-05
  390    0.0000E+00    0.0000E+00   -9.9972E-01    8.1328E-07   -2.2308E-06   -1.7221E-05
  391    0.0000E+00    0.0000E+00   -9.9964E-01   -1.1287E-07   -2.5123E-06   -1.9012E-05
  392    0.0000E+00    0.0000E+00   -9.9959E-01   -8.9954E-07   -2.6833E-06   -2.0527E-05
  393    0.0000E+00    0.0000E+00   -9.9955E-01   -1.5959E-06   -2.7756E-06   -2.1824E-05
  394    0.0000E+00    0.0000E+00   -9.9952E-01   -2.2358E-06   -2.8240E-06   -2.2939E-05
  395    0.0000E+00    0.0000E+00   -9.9950E-01   -2.8368E-06   -2.8571E-06   -2.3895E-05
  396    0.0000E+00    0.0000E+00   -9.9948E-01   -3.4066E-06   -2.8930E-06   -2.4711E-05
  397    0.0000E+00    0.0000E+00   -9.9946E-01   -3.9485E-06   -2.9412E-06   -2.5396E-05
  398    0.0000E+00    0.0000E+00   -9.9944E-01   -4.4654E-06   -3.0046E-06   -2.5959E-05
  399    0.0000E+00    0.0000E+00   -9.9942E-01   -4.9622E-06   -3.0808E-06   -2.6405E-05
  400    0.0000E+00    0.0000E+00   -9.9940E-01   -5.4371E-06   -3.1686E-06   -2.6735E-05
  401    0.0000E+00    0.0000E+00   -9.9937E-01   -5.8797E-06   -3.2733E-06   -2.6952E-05
  402    0.0000E+00    0.0000E+00   -9.9930E-01   -6.3458E-06   -3.3549E-06   -2.7054E-05
  403    0.0000E+00    0.0000E+00   -9.9973E-01    6.8006E-07   -2.4665E-06   -1.6727E-05
  404    0.0000E+00    0.0000E+00   -9.9965E-01   -2.6164E-07   -2.7757E-06   -1.8442E-05
  405    0.0000E+00    0.0000E+00   -9.9960E-01   -1.0368E-06   -2.9743E-06   -1.9887E-05
  406    0.0000E+00    0.0000E+00   -9.9956E-01   -1.7063E-06   -3.0888E-06   -2.1122E-05
  407    0.0000E+00    0.0000E+00   -9.9954E-01   -2.3129E-06   -3.1541E-06   -2.2182E-05
  408    0.0000E+00    0.0000E+00   -9.9952E-01   -2.8785E-06   -3.2009E-06   -2.3093E-05
  409    0.0000E+00    0.0000E+00   -9.9950E-01   -3.4130E-06   -3.2498E-06   -2.3871E-05
  410    0.0000E+00    0.0000E+00   -9.9949E-01   -3.9209E-06   -3.3113E-06   -2.4528E-05
  411    0.0000E+00    0.0000E+00   -9.9948E-01   -4.4062E-06   -3.3888E-06   -2.5069E-05
  412    0.0000E+00    0.0000E+00   -9.9946E-01   -4.8751E-06   -3.4796E-06   -2.5500E-05
  413    0.0000E+00    0.0000E+00   -9.9944E-01   -5.3276E-06   -3.5810E-06   -2.5820E-05
  414    0.0000E+00    0.0000E+00   -9.9941E-01   -5.7543E-06   -3.6955E-06   -2.6031E-05
  415    0.0000E+00    0.0000E+00   -9.9934E-01   -6.2109E-06   -3.7851E-06   -2.6129E-05
  416    0.0000E+00    0.0000E+00   -9.9974E-01    5.3466E-07   -2.7014E-06   -1.6170E-05
  417    0.0000E+00    0.0000E+00   -9.9965E-01   -4.2004E-07   -3.0552E-06   -1.7795E-05
  418    0.0000E+00    0.0000E+00   -9.9961E-01   -1.1772E-06   -3.2944E-06   -1.9158E-05
  419    0.0000E+00    0.0000E+00   -9.9958E-01   -1.8137E-06   -3.4365E-06   -2.0319E-05
  420    0.0000E+00    0.0000E+00   -9.9956E-01   -2.3824E-06   -3.5187E-06   -2.1315E-05
  421    0.0000E+00    0.0000E+00   -9.9955E-01   -2.9092E-06   -3.5768E-06   -2.2172E-05
  422    0.0000E+00    0.0000E+00   -9.9954E-01   -3.4053E-06   -3.6350E-06   -2.2905E-05
  423    0.0000E+00    0.0000E+00   -9.9952E-01   -3.8762E-06   -3.7058E-06   -2.3526E-05
  424    0.0000E+00    0.0000E+00   -9.9951E-01   -4.3269E-06   -3.7929E-06   -2.4041E-05
  425    0.0000E+00    0.0000E+00   -9.9950E-01   -4.7654E-06   -3.8938E-06   -2.4453E-05
  426    0.0000E+00    0.0000E+00   -9.9948E-01   -5.1938E-06   -4.0042E-06   -2.4761E-05
  427    0.0000E+00    0.0000E+00   -9.9946E-01   -5.6030E-06   -4.1238E-06   -2.4964E-05
  428    0.0000E+00    0.0000E+00   -9.9939E-01   -6.0480E-06   -4.2170E-06   -2.5056E-05
  429    0.0000E+00    0.0000E+00   -9.9974E-01    3.8785E-07   -2.9602E-06   -1.5537E-05
  430    0.0000E+00    0.0000E+00   -9.9966E-01   -5.6826E-07   -3.4041E-06   -1.7056E-05
  431    0.0000E+00    0.0000E+00   -9.9962E-01   -1.2934E-06   -3.7040E-06   -1.8322E-05
  432    0.0000E+00    0.0000E+00   -9.9960E-01   -1.8892E-06   -3.8730E-06   -1.9397E-05
  433    0.0000E+00    0.0000E+00   -9.9958E-01   -2.4174E-06   -3.9629E-06   -2.0319E-05
  434    0.0000E+00    0.0000E+00   -9.9958E-01   -2.9049E-06   -4.0212E-06   -2.1113E-05
  435    0.0000E+00    0.0000E+00   -9.9957E-01   -3.3625E-06   -4.0781E-06   -2.1795E-05
  436    0.0000E+00    0.0000E+00   -9.9956E-01   -3.7959E-06   -4.1480E-06   -2.2375E-05
  437    0.0000E+00    0.0000E+00   -9.9956E-01   -4.2114E-06   -4.2352E-06   -2.2859E-05
  438    0.0000E+00    0.0000E+00   -9.9954E-01   -4.6190E-06   -4.3365E-06   -2.3248E-05
  439    0.0000E+00    0.0000E+00   -9.9953E-01   -5.0230E-06   -4.4463E-06   -2.3540E-05
  440    0.0000E+00    0.0000E+00   -9.9951E-01   -5.4137E-06   -4.5626E-06   -2.3732E-05
  441    0.0000E+00    0.0000E+00   -9.9944E-01   -5.8450E-06   -4.6521E-06   -2.3817E-05
  442    0.0000E+00    0.0000E+00   -9.9974E-01    3.1772E-07   -3.4187E-06   -1.4811E-05
  443    0.0000E+00    0.0000E+00   -9.9966E-01   -6.5678E-07   -3.9509E-06   -1.6199E-05
  444    0.0000E+00    0.0000E+00   -9.9963E-01   -1.3453E-06   -4.2849E-06   -1.7351E-05
  445    0.0000E+00    0.0000E+00   -9.9962E-01   -1.8996E-06   -4.4481E-06   -1.8328E-05
  446    0.0000E+00    0.0000E+00   -9.9962E-01   -2.3910E-06   -4.5182E-06   -1.9167E-05
  447    0.0000E+00    0.0000E+00   -9.9961E-01   -2.8436E-06   -4.5556E-06   -1.9892E-05
  448    0.0000E+00    0.0000E+00   -9.9961E-01   -3.2658E-06   -4.5943E-06   -2.0516E-05
  449    0.0000E+00    0.0000E+00   -9.9961E-01   -3.6637E-06   -4.6490E-06   -2.1049E-05
  450    0.0000E+00    0.0000E+00   -9.9960E-01   -4.0457E-06   -4.7228E-06   -2.1497E-05
  451    0.0000E+00    0.0000E+00   -9.9960E-01   -4.4236E-06   -4.8118E-06   -2.1859E-05
  452    0.0000E+00    0.0000E+00   -9.9958E-01   -4.8031E-06   -4.9088E-06   -2.2132E-05
  453    0.0000E+00    0.0000E+00   -9.9956E-01   -5.1719E-06   -5.0113E-06   -2.2311E-05
  454    0.0000E+00    0.0000E+00   -9.9950E-01   -5.5850E-06   -5.0897E-06   -2.2386E-05
  455    0.0000E+00    0.0000E+00   -9.9973E-01   -6.5733E-08   -3.7868E-06   -1.3977E-05
  456    0.0000E+00    0.0000E+00   -9.9967E-01   -7.4857E-07   -4.6820E-06   -1.5190E-05
  457    0.0000E+00    0.0000E+00   -9.9966E-01   -1.3232E-06   -5.0354E-06   -1.6203E-05
  458    0.0000E+00    0.0000E+00   -9.9966E-01   -1.8291E-06   -5.1461E-06   -1.7069E-05
  459    0.0000E+00    0.0000E+00   -9.9966E-01   -2.3295E-06   -5.1226E-06   -1.7818E-05
  460    0.0000E+00    0.0000E+00   -9.9966E-01   -2.7271E-06   -5.1495E-06   -1.8467E-05
  461    0.0000E+00    0.0000E+00   -9.9966E-01   -3.1084E-06   -5.1665E-06   -1.9026E-05
  462    0.0000E+00    0.0000E+00   -9.9966E-01   -3.4992E-06   -5.1686E-06   -1.9507E-05
  463    0.0000E+00    0.0000E+00   -9.9966E-01   -3.8623E-06   -5.2057E-06   -1.9916E-05
  464    0.0000E+00    0.0000E+00   -9.9965E-01   -4.1809E-06   -5.2997E-06   -2.0249E-05
  465    0.0000E+00    0.0000E+00   -9.9964E-01   -4.5248E-06   -5.3801E-06   -2.0498E-05
  466    0.0000E+00    0.0000E+00   -9.9962E-01   -4.8576E-06   -5.4657E-06   -2.0660E-05
  467    0.0000E+00    0.0000E+00   -9.9956E-01   -5.2493E-06   -5.5254E-06   -2.0724E-05
  468    0.0000E+00    0.0000E+00   -9.9966E-01    1.5384E-07   -5.0225E-06   -1.3004E-05
  469    0.0000E+00    0.0000E+00   -9.9968E-01   -5.6589E-07   -5.7767E-06   -1.3967E-05
  470    0.0000E+00    0.0000E+00   -9.9970E-01   -1.1990E-06   -5.8717E-06   -1.4819E-05
  471    0.0000E+00    0.0000E+00   -9.9972E-01   -1.7321E-06   -5.8386E-06   -1.5559E-05
  472    0.0000E+00    0.0000E+00   -9.9972E-01   -2.3197E-06   -5.6322E-06   -1.6207E-05
  473    0.0000E+00    0.0000E+00   -9.9973E-01   -2.6207E-06   -5.6935E-06   -1.6771E-05
  474    0.0000E+00    0.0000E+00   -9.9973E-01   -2.9863E-06   -5.6711E-06   -1.7250E-05
  475    0.0000E+00    0.0000E+00   -9.9973E-01   -3.3857E-06   -5.5956E-06   -1.7667E-05
  476    0.0000E+00    0.0000E+00   -9.9972E-01   -3.6852E-06   -5.6213E-06   -1.8038E-05
  477    0.0000E+00    0.0000E+00   -9.9972E-01   -3.9098E-06   -5.7581E-06   -1.8342E-05
  478    0.0000E+00    0.0000E+00   -9.9971E-01   -4.2167E-06   -5.8152E-06   -1.8564E-05
  479    0.0000E+00    0.0000E+00   -9.9969E-01   -4.5020E-06   -5.8911E-06   -1.8708E-05
  480    0.0000E+00    0.0000E+00   -9.9964E-01   -4.8689E-06   -5.9212E-06   -1.8763E-05
  481    0.0000E+00    0.0000E+00   -9.9964E-01   -1.0775E-05   -3.1717E-07   -1.6395E-05
  482    0.0000E+00    0.0000E+00   -9.9972E-01   -1.0340E-05   -3.0195E-07   -1.3407E-05
  483    0.0000E+00    0.0000E+00   -9.9985E-01   -9.4852E-06   -2.6255E-07   -9.1544E-06
  484    0.0000E+00    0.0000E+00   -9.9978E-01   -1.0766E-05   -7.5119E-07   -1.6345E-05
  485    0.0000E+00    0.0000E+00   -9.9982E-01   -1.0337E-05   -6.1238E-07   -1.3368E-05
  486    0.0000E+00    0.0000E+00   -9.9991E-01   -9.4818E-06   -4.8158E-07   -9.1300E-06
  487    0.0000E+00    0.0000E+00   -9.9980E-01   -1.0752E-05   -1.1926E-06   -1.6223E-05
  488    0.0000E+00    0.0000E+00   -9.9985E-01   -1.0337E-05   -9.1307E-07   -1.3270E-05
  489    0.0000E+00    0.0000E+00   -9.9992E-01   -9.4845E-06   -6.8311E-07   -9.0640E-06
  490    0.0000E+00    0.0000E+00   -9.9982E-01   -1.0731E-05   -1.6469E-06   -1.6031E-05
  491    0.0000E+00    0.0000E+00   -9.9986E-01   -1.0341E-05   -1.2157E-06   -1.3116E-05
  492    0.0000E+00    0.0000E+00   -9.9993E-01   -9.4911E-06   -8.8183E-07   -8.9593E-06
  493    0.0000E+00    0.0000E+00   -9.9982E-01   -1.0690E-05   -2.0589E-06   -1.5762E-05
  494    0.0000E+00    0.0000E+00   -9.9986E-01   -1.0341E-05   -1.5136E-06   -1.2906E-05
  495    0.0000E+00    0.0000E+00   -9.9993E-01   -9.4990E-06   -1.0809E-06   -8.8181E-06
  496    0.0000E+00    0.0000E+00   -9.9982E-01   -1.0759E-05   -2.4581E-06   -1.5441E-05
  497    0.0000E+00    0.0000E+00   -9.9987E-01   -1.0363E-05   -1.7978E-06   -1.2653E-05
  498    0.0000E+00    0.0000E+00   -9.9994E-01   -9.5116E-06   -1.2719E-06   -8.6469E-06
  499    0.0000E+00    0.0000E+00   -9.9983E-01   -1.0711E-05   -3.0045E-06   -1.5097E-05
  500    0.0000E+00    0.0000E+00   -9.9987E-01   -1.0369E-05   -2.1203E-06   -1.2370E-05
  501    0.0000E+00    0.0000E+00   -9.9994E-01   -9.5216E-06   -1.4706E-06   -8.4531E-06
  502    0.0000E+00    0.0000E+00   -9.9983E-01   -1.0502E-05   -3.6217E-06   -1.4700E-05
  503    0.0000E+00    0.0000E+00   -9.9988E-01   -1.0332E-05   -2.4846E-06   -1.2050E-05
  504    0.0000E+00    0.0000E+00   -9.9995E-01   -9.5213E-06   -1.6859E-06   -8.2345E-06
  505    0.0000E+00    0.0000E+00   -9.9982E-01   -1.0326E-05   -4.0906E-06   -1.4228E-05
  506    0.0000E+00    0.0000E+00   -9.9988E-01   -1.0287E-05   -2.8136E-06   -1.1679E-05
  507    0.0000E+00    0.0000E+00   -9.9995E-01   -9.5163E-06   -1.8876E-06   -7.9844E-06
  508    0.0000E+00    0.0000E+00   -9.9982E-01   -1.0375E-05   -4.4122E-06   -1.3697E-05
  509    0.0000E+00    0.0000E+00   -9.9988E-01   -1.0288E-05   -3.0407E-06   -1.1260E-05
  510    0.0000E+00    0.0000E+00   -9.9995E-01   -9.5235E-06   -2.0212E-06   -7.7041E-06
  511    0.0000E+00    0.0000E+00   -9.9981E-01   -1.0092E-05   -4.9206E-06   -1.3094E-05
  512    0.0000E+00    0.0000E+00   -9.9988E-01   -1.0263E-05   -3.2370E-06   -1.0795E-05
  513    0.0000E+00    0.0000E+00   -9.9996E-01   -9.5411E-06   -2.0706E-06   -7.3979E-06
  514    0.0000E+00    0.0000E+00   -9.9980E-01   -1.0045E-05   -5.0932E-06   -1.2420E-05
  515    0.0000E+00    0.0000E+00   -9.9987E-01   -1.0341E-05   -3.1660E-06   -1.0308E-05
  516    0.0000E+00    0.0000E+00   -9.9996E-01   -9.5929E-06   -1.9399E-06   -7.0931E-06
  517    0.0000E+00    0.0000E+00   -9.9979E-01   -1.0550E-05   -4.7077E-06   -1.1768E-05
  518    0.0000E+00    0.0000E+00   -9.9992E-01   -1.0586E-05   -2.5576E-06   -9.9302E-06
  519    0.0000E+00    0.0000E+00   -9.9999E-01   -9.6781E-06   -1.4848E-06   -6.8854E-06
  520    0.0000E+00    0.0000E+00   -9.9969E-01   -1.6089E-06    7.3173E-06   -7.5277E-06
  521    0.0000E+00    0.0000E+00   -9.9972E-01   -1.6354E-06    7.2692E-06   -7.6574E-06
  522    0.0000E+00    0.0000E+00   -9.9972E-01   -1.7033E-06    7.2225E-06   -7.8609E-06
  523    0.0000E+00    0.0000E+00   -9.9973E-01   -1.7981E-06    7.1777E-06   -8.0959E-06
  524    0.0000E+00    0.0000E+00   -9.9974E-01   -1.9069E-06    7.1357E-06   -8.3378E-06
  525    0.0000E+00    0.0000E+00   -9.9975E-01   -2.0198E-06    7.0980E-06   -8.5728E-06
  526    0.0000E+00    0.0000E+00   -9.9976E-01   -2.1299E-06    7.0669E-06   -8.7904E-06
  527    0.0000E+00    0.0000E+00   -9.9977E-01   -2.2292E-06    7.0424E-06   -8.9828E-06
  528    0.0000E+00    0.0000E+00   -9.9979E-01   -2.2744E-06    7.0374E-06   -9.1377E-06
  529    0.0000E+00    0.0000E+00   -9.9955E-01   -2.2627E-06    7.1151E-06   -1.0955E-05
  530    0.0000E+00    0.0000E+00   -9.9961E-01   -2.1726E-06    6.9938E-06   -1.1173E-05
  531    0.0000E+00    0.0000E+00   -9.9963E-01   -2.2228E-06    6.8851E-06   -1.1496E-05
  532    0.0000E+00    0.0000E+00   -9.9964E-01   -2.3524E-06    6.7948E-06   -1.1857E-05
  533    0.0000E+00    0.0000E+00   -9.9965E-01   -2.5192E-06    6.7209E-06   -1.2221E-05
  534    0.0000E+00    0.0000E+00   -9.9966E-01   -2.7036E-06    6.6611E-06   -1.2569E-05
  535    0.0000E+00    0.0000E+00   -9.9968E-01   -2.8986E-06    6.6136E-06   -1.2888E-05
  536    0.0000E+00    0.0000E+00   -9.9969E-01   -3.0778E-06    6.5846E-06   -1.3170E-05
  537    0.0000E+00    0.0000E+00   -9.9970E-01   -3.2261E-06    6.5887E-06   -1.3396E-05
  538    0.0000E+00    0.0000E+00   -9.9937E-01   -2.6319E-06    6.8714E-06   -1.3210E-05
  539    0.0000E+00    0.0000E+00   -9.9950E-01   -2.4056E-06    6.5948E-06   -1.3537E-05
  540    0.0000E+00    0.0000E+00   -9.9954E-01   -2.4645E-06    6.3988E-06   -1.3986E-05
  541    0.0000E+00    0.0000E+00   -9.9956E-01   -2.6453E-06    6.2690E-06   -1.4462E-05
  542    0.0000E+00    0.0000E+00   -9.9958E-01   -2.8725E-06    6.1815E-06   -1.4926E-05
  543    0.0000E+00    0.0000E+00   -9.9959E-01   -3.1225E-06    6.1218E-06   -1.5361E-05
  544    0.0000E+00    0.0000E+00   -9.9960E-01   -3.3827E-06    6.0827E-06   -1.5758E-05
  545    0.0000E+00    0.0000E+00   -9.9961E-01   -3.6253E-06    6.0717E-06   -1.6106E-05
  546    0.0000E+00    0.0000E+00   -9.9962E-01   -3.9027E-06    6.0696E-06   -1.6386E-05
  547    0.0000E+00    0.0000E+00   -9.9910E-01   -2.5612E-06    6.5352E-06   -1.4752E-05
  548    0.0000E+00    0.0000E+00   -9.9939E-01   -2.3252E-06    5.9784E-06   -1.5266E-05
  549    0.0000E+00    0.0000E+00   -9.9946E-01   -2.4669E-06    5.7962E-06   -1.5869E-05
  550    0.0000E+00    0.0000E+00   -9.9950E-01   -2.7186E-06    5.7241E-06   -1.6462E-05
  551    0.0000E+00    0.0000E+00   -9.9951E-01   -3.0114E-06    5.6798E-06   -1.7016E-05
  552    0.0000E+00    0.0000E+00   -9.9952E-01   -3.3293E-06    5.6452E-06   -1.7526E-05
  553    0.0000E+00    0.0000E+00   -9.9953E-01   -3.6581E-06    5.6229E-06   -1.7987E-05
  554    0.0000E+00    0.0000E+00   -9.9953E-01   -3.9827E-06    5.6143E-06   -1.8392E-05
  555    0.0000E+00    0.0000E+00   -9.9954E-01   -4.3701E-06    5.5698E-06   -1.8724E-05
  556    0.0000E+00    0.0000E+00   -9.9932E-01    3.3459E-07   -1.4190E-06   -2.0655E-05
  557    0.0000E+00    0.0000E+00   -9.9918E-01   -4.9740E-07   -1.5081E-06   -2.2288E-05
  558    0.0000E+00    0.0000E+00   -9.9909E-01   -1.3092E-06   -1.5808E-06   -2.3684E-05
  559    0.0000E+00    0.0000E+00   -9.9902E-01   -2.0991E-06   -1.6456E-06   -2.4883E-05
  560    0.0000E+00    0.0000E+00   -9.9896E-01   -2.8604E-06   -1.7079E-06   -2.5910E-05
  561    0.0000E+00    0.0000E+00   -9.9891E-01   -3.5869E-06   -1.7701E-06   -2.6785E-05
  562    0.0000E+00    0.0000E+00   -9.9887E-01   -4.2750E-06   -1.8328E-06   -2.7522E-05
  563    0.0000E+00    0.0000E+00   -9.9884E-01   -4.9234E-06   -1.8961E-06   -2.8129E-05
  564    0.0000E+00    0.0000E+00   -9.9883E-01   -5.5322E-06   -1.9599E-06   -2.8615E-05
  565    0.0000E+00    0.0000E+00   -9.9883E-01   -6.1065E-06   -2.0261E-06   -2.8984E-05
  566    0.0000E+00    0.0000E+00   -9.9889E-01   -6.7045E-06   -2.0309E-06   -2.9235E-05
  567    0.0000E+00    0.0000E+00   -9.9927E-01   -7.2652E-06   -2.0598E-06   -2.9368E-05
  568    0.0000E+00    0.0000E+00   -9.9954E-01    3.0370E-07   -1.7727E-06   -2.0278E-05
  569    0.0000E+00    0.0000E+00   -9.9943E-01   -5.3259E-07   -1.9023E-06   -2.1875E-05
  570    0.0000E+00    0.0000E+00   -9.9936E-01   -1.3383E-06   -1.9939E-06   -2.3241E-05
  571    0.0000E+00    0.0000E+00   -9.9932E-01   -2.1168E-06   -2.0652E-06   -2.4416E-05
  572    0.0000E+00    0.0000E+00   -9.9928E-01   -2.8647E-06   -2.1297E-06   -2.5425E-05
  573    0.0000E+00    0.0000E+00   -9.9925E-01   -3.5780E-06   -2.1943E-06   -2.6287E-05
  574    0.0000E+00    0.0000E+00   -9.9923E-01   -4.2541E-06   -2.2616E-06   -2.7015E-05
  575    0.0000E+00    0.0000E+00   -9.9921E-01   -4.8919E-06   -2.3322E-06   -2.7619E-05
  576    0.0000E+00    0.0000E+00   -9.9920E-01   -5.4918E-06   -2.4057E-06   -2.8105E-05
  577    0.0000E+00    0.0000E+00   -9.9921E-01   -6.0688E-06   -2.4664E-06   -2.8477E-05
  578    0.0000E+00    0.0000E+00   -9.9926E-01   -6.6696E-06   -2.4548E-06   -2.8732E-05
  579    0.0000E+00    0.0000E+00   -9.9957E-01   -7.2407E-06   -2.3929E-06   -2.8867E-05
  580    0.0000E+00    0.0000E+00   -9.9959E-01    2.2814E-07   -2.0927E-06   -1.9823E-05
  581    0.0000E+00    0.0000E+00   -9.9948E-01   -6.0899E-07   -2.2571E-06   -2.1376E-05
  582    0.0000E+00    0.0000E+00   -9.9943E-01   -1.4021E-06   -2.3647E-06   -2.2704E-05
  583    0.0000E+00    0.0000E+00   -9.9939E-01   -2.1598E-06   -2.4416E-06   -2.3847E-05
  584    0.0000E+00    0.0000E+00   -9.9936E-01   -2.8835E-06   -2.5086E-06   -2.4831E-05
  585    0.0000E+00    0.0000E+00   -9.9933E-01   -3.5725E-06   -2.5770E-06   -2.5675E-05
  586    0.0000E+00    0.0000E+00   -9.9931E-01   -4.2257E-06   -2.6515E-06   -2.6390E-05
  587    0.0000E+00    0.0000E+00   -9.9930E-01   -4.8427E-06   -2.7330E-06   -2.6987E-05
  588    0.0000E+00    0.0000E+00   -9.9930E-01   -5.4243E-06   -2.8206E-06   -2.7471E-05
  589    0.0000E+00    0.0000E+00   -9.9931E-01   -5.9849E-06   -2.9011E-06   -2.7845E-05
  590    0.0000E+00    0.0000E+00   -9.9935E-01   -6.5904E-06   -2.8987E-06   -2.8104E-05
  591    0.0000E+00    0.0000E+00   -9.9964E-01   -7.1363E-06   -2.8933E-06   -2.8244E-05
  592    0.0000E+00    0.0000E+00   -9.9962E-01    1.1492E-07   -2.3791E-06   -1.9302E-05
  593    0.0000E+00    0.0000E+00   -9.9951E-01   -7.2374E-07   -2.5773E-06   -2.0799E-05
  594    0.0000E+00    0.0000E+00   -9.9946E-01   -1.4997E-06   -2.7021E-06   -2.2078E-05
  595    0.0000E+00    0.0000E+00   -9.9943E-01   -2.2292E-06   -2.7864E-06   -2.3179E-05
  596    0.0000E+00    0.0000E+00   -9.9940E-01   -2.9203E-06   -2.8580E-06   -2.4129E-05
  597    0.0000E+00    0.0000E+00   -9.9938E-01   -3.5762E-06   -2.9327E-06   -2.4947E-05
  598    0.0000E+00    0.0000E+00   -9.9937E-01   -4.1977E-06   -3.0168E-06   -2.5644E-05
  599    0.0000E+00    0.0000E+00   -9.9936E-01   -4.7855E-06   -3.1118E-06   -2.6229E-05
  600    0.0000E+00    0.0000E+00   -9.9935E-01   -5.3413E-06   -3.2164E-06   -2.6707E-05
  601    0.0000E+00    0.0000E+00   -9.9936E-01   -5.8794E-06   -3.3185E-06   -2.7081E-05
  602    0.0000E+00    0.0000E+00   -9.9940E-01   -6.4742E-06   -3.3429E-06   -2.7343E-05
  603    0.0000E+00    0.0000E+00   -9.9968E-01   -7.0142E-06   -3.3757E-06   -2.7487E-05
  604    0.0000E+00    0.0000E+00   -9.9963E-01   -2.7722E-08   -2.6377E-06   -1.8719E-05
  605    0.0000E+00    0.0000E+00   -9.9953E-01   -8.6871E-07   -2.8787E-06   -2.0148E-05
  606    0.0000E+00    0.0000E+00   -9.9949E-01   -1.6212E-06   -3.0296E-06   -2.1364E-05
  607    0.0000E+00    0.0000E+00   -9.9946E-01   -2.3152E-06   -3.1273E-06   -2.2411E-05
  608    0.0000E+00    0.0000E+00   -9.9944E-01   -2.9664E-06   -3.2067E-06   -2.3317E-05
  609    0.0000E+00    0.0000E+00   -9.9942E-01   -3.5822E-06   -3.2889E-06   -2.4100E-05
  610    0.0000E+00    0.0000E+00   -9.9941E-01   -4.1653E-06   -3.3830E-06   -2.4771E-05
  611    0.0000E+00    0.0000E+00   -9.9940E-01   -4.7174E-06   -3.4914E-06   -2.5339E-05
  612    0.0000E+00    0.0000E+00   -9.9940E-01   -5.2416E-06   -3.6123E-06   -2.5807E-05
  613    0.0000E+00    0.0000E+00   -9.9941E-01   -5.7529E-06   -3.7321E-06   -2.6177E-05
  614    0.0000E+00    0.0000E+00   -9.9944E-01   -6.3279E-06   -3.7874E-06   -2.6439E-05
  615    0.0000E+00    0.0000E+00   -9.9972E-01   -6.8886E-06   -3.8031E-06   -2.6585E-05
  616    0.0000E+00    0.0000E+00   -9.9964E-01   -1.8727E-07   -2.8941E-06   -1.8075E-05
  617    0.0000E+00    0.0000E+00   -9.9955E-01   -1.0169E-06   -3.2152E-06   -1.9416E-05
  618    0.0000E+00    0.0000E+00   -9.9950E-01   -1.7340E-06   -3.4132E-06   -2.0554E-05
  619    0.0000E+00    0.0000E+00   -9.9948E-01   -2.3854E-06   -3.5301E-06   -2.1534E-05
  620    0.0000E+00    0.0000E+00   -9.9947E-01   -2.9931E-06   -3.6150E-06   -2.2384E-05
  621    0.0000E+00    0.0000E+00   -9.9946E-01   -3.5659E-06   -3.6992E-06   -2.3122E-05
  622    0.0000E+00    0.0000E+00   -9.9945E-01   -4.1075E-06   -3.7963E-06   -2.3760E-05
  623    0.0000E+00    0.0000E+00   -9.9945E-01   -4.6208E-06   -3.9103E-06   -2.4304E-05
  624    0.0000E+00    0.0000E+00   -9.9945E-01   -5.1102E-06   -4.0389E-06   -2.4756E-05
  625    0.0000E+00    0.0000E+00   -9.9946E-01   -5.5884E-06   -4.1762E-06   -2.5118E-05
  626    0.0000E+00    0.0000E+00   -9.9949E-01   -6.1700E-06   -4.2145E-06   -2.5378E-05
  627    0.0000E+00    0.0000E+00   -9.9975E-01   -6.6710E-06   -4.2682E-06   -2.5526E-05
  628    0.0000E+00    0.0000E+00   -9.9964E-01   -3.4536E-07   -3.1969E-06   -1.7362E-05
  629    0.0000E+00    0.0000E+00   -9.9955E-01   -1.1262E-06   -3.6886E-06   -1.8589E-05
  630    0.0000E+00    0.0000E+00   -9.9952E-01   -1.7888E-06   -3.9545E-06   -1.9629E-05
  631    0.0000E+00    0.0000E+00   -9.9951E-01   -2.3949E-06   -4.0802E-06   -2.0526E-05
  632    0.0000E+00    0.0000E+00   -9.9950E-01   -2.9618E-06   -4.1525E-06   -2.1310E-05
  633    0.0000E+00    0.0000E+00   -9.9950E-01   -3.4947E-06   -4.2196E-06   -2.1996E-05
  634    0.0000E+00    0.0000E+00   -9.9950E-01   -3.9966E-06   -4.3014E-06   -2.2593E-05
  635    0.0000E+00    0.0000E+00   -9.9949E-01   -4.4718E-06   -4.4026E-06   -2.3107E-05
  636    0.0000E+00    0.0000E+00   -9.9949E-01   -4.9265E-06   -4.5208E-06   -2.3540E-05
  637    0.0000E+00    0.0000E+00   -9.9950E-01   -5.3883E-06   -4.6356E-06   -2.3889E-05
  638    0.0000E+00    0.0000E+00   -9.9954E-01   -5.8978E-06   -4.7200E-06   -2.4143E-05
  639    0.0000E+00    0.0000E+00   -9.9978E-01   -6.4164E-06   -4.7784E-06   -2.4287E-05
  640    0.0000E+00    0.0000E+00   -9.9961E-01   -4.8477E-07   -3.6391E-06   -1.6581E-05
  641    0.0000E+00    0.0000E+00   -9.9954E-01   -1.1353E-06   -4.4366E-06   -1.7646E-05
  642    0.0000E+00    0.0000E+00   -9.9954E-01   -1.7437E-06   -4.7191E-06   -1.8558E-05
  643    0.0000E+00    0.0000E+00   -9.9955E-01   -2.3163E-06   -4.8028E-06   -1.9359E-05
  644    0.0000E+00    0.0000E+00   -9.9955E-01   -2.8523E-06   -4.8273E-06   -2.0067E-05
  645    0.0000E+00    0.0000E+00   -9.9955E-01   -3.3516E-06   -4.8511E-06   -2.0693E-05
  646    0.0000E+00    0.0000E+00   -9.9955E-01   -3.8174E-06   -4.8951E-06   -2.1244E-05
  647    0.0000E+00    0.0000E+00   -9.9955E-01   -4.2560E-06   -4.9627E-06   -2.1723E-05
  648    0.0000E+00    0.0000E+00   -9.9955E-01   -4.6779E-06   -5.0488E-06   -2.2131E-05
  649    0.0000E+00    0.0000E+00   -9.9956E-01   -5.1054E-06   -5.1403E-06   -2.2463E-05
  650    0.0000E+00    0.0000E+00   -9.9959E-01   -5.6462E-06   -5.1510E-06   -2.2704E-05
  651    0.0000E+00    0.0000E+00   -9.9981E-01   -6.1604E-06   -5.1346E-06   -2.2837E-05
  652    0.0000E+00    0.0000E+00   -9.9946E-01   -4.9936E-07   -4.6416E-06   -1.5748E-05
  653    0.0000E+00    0.0000E+00   -9.9953E-01   -1.0436E-06   -5.4925E-06   -1.6551E-05
  654    0.0000E+00    0.0000E+00   -9.9958E-01   -1.7067E-06   -5.5390E-06   -1.7302E-05
  655    0.0000E+00    0.0000E+00   -9.9961E-01   -2.2829E-06   -5.4771E-06   -1.7991E-05
  656    0.0000E+00    0.0000E+00   -9.9962E-01   -2.8025E-06   -5.4081E-06   -1.8613E-05
  657    0.0000E+00    0.0000E+00   -9.9962E-01   -3.2671E-06   -5.3740E-06   -1.9171E-05
  658    0.0000E+00    0.0000E+00   -9.9962E-01   -3.6857E-06   -5.3819E-06   -1.9668E-05
  659    0.0000E+00    0.0000E+00   -9.9962E-01   -4.0741E-06   -5.4227E-06   -2.0106E-05
  660    0.0000E+00    0.0000E+00   -9.9962E-01   -4.4484E-06   -5.4843E-06   -2.0483E-05
  661    0.0000E+00    0.0000E+00   -9.9963E-01   -4.8434E-06   -5.5418E-06   -2.0792E-05
  662    0.0000E+00    0.0000E+00   -9.9965E-01   -5.2958E-06   -5.5597E-06   -2.1019E-05
  663    0.0000E+00    0.0000E+00   -9.9984E-01   -5.7256E-06   -5.5796E-06   -2.1147E-05
  664    0.0000E+00    0.0000E+00   -9.9973E-01   -1.0509E-05   -1.9705E-07   -1.9150E-05
  665    0.0000E+00    0.0000E+00   -9.9976E-01   -1.0412E-05   -2.0547E-07   -1.6746E-05
  666    0.0000E+00    0.0000E+00   -9.9982E-01   -1.0102E-05   -2.5587E-07   -1.3690E-05
  667    0.0000E+00    0.0000E+00   -9.9991E-01   -9.3682E-06   -2.9041E-07   -9.3423E-06
  668    0.0000E+00    0.0000E+00   -9.9974E-01   -1.0550E-05   -4.5845E-07   -1.9030E-05
  669    0.0000E+00    0.0000E+00   -9.9976E-01   -1.0460E-05   -4.0533E-07   -1.6640E-05
  670    0.0000E+00    0.0000E+00   -9.9983E-01   -1.0140E-05   -3.8010E-07   -1.3608E-05
  671    0.0000E+00    0.0000E+00   -9.9992E-01   -9.3832E-06   -3.5834E-07   -9.2907E-06
  672    0.0000E+00    0.0000E+00   -9.9975E-01   -1.0622E-05   -7.4817E-07   -1.8820E-05
  673    0.0000E+00    0.0000E+00   -9.9977E-01   -1.0526E-05   -6.0671E-07   -1.6457E-05
  674    0.0000E+00    0.0000E+00   -9.9983E-01   -1.0190E-05   -5.0128E-07   -1.3460E-05
  675    0.0000E+00    0.0000E+00   -9.9992E-01   -9.4105E-06   -4.3792E-07   -9.1912E-06
  676    0.0000E+00    0.0000E+00   -9.9975E-01   -1.0704E-05   -1.0605E-06   -1.8538E-05
  677    0.0000E+00    0.0000E+00   -9.9977E-01   -1.0606E-05   -8.1208E-07   -1.6212E-05
  678    0.0000E+00    0.0000E+00   -9.9984E-01   -1.0252E-05   -6.1895E-07   -1.3261E-05
  679    0.0000E+00    0.0000E+00   -9.9992E-01   -9.4460E-06   -5.1607E-07   -9.0546E-06
  680    0.0000E+00    0.0000E+00   -9.9975E-01   -1.0790E-05   -1.3875E-06   -1.8199E-05
  681    0.0000E+00    0.0000E+00   -9.9978E-01   -1.0693E-05   -1.0179E-06   -1.5917E-05
  682    0.0000E+00    0.0000E+00   -9.9984E-01   -1.0322E-05   -7.2983E-07   -1.3019E-05
  683    0.0000E+00    0.0000E+00   -9.9993E-01   -9.4870E-06   -5.8785E-07   -8.8890E-06
  684    0.0000E+00    0.0000E+00   -9.9975E-01   -1.0876E-05   -1.7258E-06   -1.7808E-05
  685    0.0000E+00    0.0000E+00   -9.9978E-01   -1.0787E-05   -1.2203E-06   -1.5579E-05
  686    0.0000E+00    0.0000E+00   -9.9984E-01   -1.0397E-05   -8.3050E-07   -1.2744E-05
  687    0.0000E+00    0.0000E+00   -9.9993E-01   -9.5314E-06   -6.5034E-07   -8.7002E-06
  688    0.0000E+00    0.0000E+00   -9.9975E-01   -1.0962E-05   -2.0725E-06   -1.7370E-05
  689    0.0000E+00    0.0000E+00   -9.9978E-01   -1.0886E-05   -1.4144E-06   -1.5203E-05
  690    0.0000E+00    0.0000E+00   -9.9985E-01   -1.0477E-05   -9.1693E-07   -1.2440E-05
  691    0.0000E+00    0.0000E+00   -9.9993E-01   -9.5776E-06   -7.0087E-07   -8.4927E-06
  692    0.0000E+00    0.0000E+00   -9.9975E-01   -1.1049E-05   -2.4184E-06   -1.6886E-05
  693    0.0000E+00    0.0000E+00   -9.9978E-01   -1.0990E-05   -1.5922E-06   -1.4792E-05
  694    0.0000E+00    0.0000E+00   -9.9985E-01   -1.0558E-05   -9.8481E-07   -1.2112E-05
  695    0.0000E+00    0.0000E+00   -9.9994E-01   -9.6236E-06   -7.3612E-07   -8.2711E-06
  696    0.0000E+00    0.0000E+00   -9.9974E-01   -1.1133E-05   -2.7447E-06   -1.6357E-05
  697    0.0000E+00    0.0000E+00   -9.9978E-01   -1.1093E-05   -1.7392E-06   -1.4354E-05
  698    0.0000E+00    0.0000E+00   -9.9985E-01   -1.0634E-05   -1.0221E-06   -1.1769E-05
  699    0.0000E+00    0.0000E+00   -9.9994E-01   -9.6664E-06   -7.4322E-07   -8.0424E-06
  700    0.0000E+00    0.0000E+00   -9.9973E-01   -1.1223E-05   -3.0092E-06   -1.5791E-05
  701    0.0000E+00    0.0000E+00   -9.9978E-01   -1.1200E-05   -1.8018E-06   -1.3904E-05
  702    0.0000E+00    0.0000E+00   -9.9985E-01   -1.0702E-05   -9.8707E-07   -1.1428E-05
  703    0.0000E+00    0.0000E+00   -9.9994E-01   -9.7035E-06   -6.9063E-07   -7.8206E-06
  704    0.0000E+00    0.0000E+00   -9.9971E-01   -1.1384E-05   -3.1016E-06   -1.5219E-05
  705    0.0000E+00    0.0000E+00   -9.9977E-01   -1.1331E-05   -1.6420E-06   -1.3484E-05
  706    0.0000E+00    0.0000E+00   -9.9985E-01   -1.0760E-05   -7.9975E-07   -1.1129E-05
  707    0.0000E+00    0.0000E+00   -9.9995E-01   -9.7332E-06   -5.2348E-07   -7.6331E-06
  708    0.0000E+00    0.0000E+00   -9.9974E-01   -1.1689E-05   -2.6615E-06   -1.4741E-05
  709    0.0000E+00    0.0000E+00   -9.9986E-01   -1.1431E-05   -1.0025E-06   -1.3193E-05
  710    0.0000E+00    0.0000E+00   -9.9993E-01   -1.0787E-05   -3.2798E-07   -1.0941E-05
  711    0.0000E+00    0.0000E+00   -1.0000E+00   -9.7564E-06   -2.2636E-07   -7.5206E-06
  712    0.0000E+00    0.0000E+00   -9.9956E-01    1.1375E-06   -1.5168E-07   -1.8747E-05
  713    0.0000E+00    0.0000E+00   -9.9957E-01    2.1081E-07   -1.9587E-07   -2.0704E-05
  714    0.0000E+00    0.0000E+00   -9.9953E-01   -6.6460E-07   -2.1765E-07   -2.2370E-05
  715    0.0000E+00    0.0000E+00   -9.9948E-01   -1.5032E-06   -2.2831E-07   -2.3804E-05
  716    0.0000E+00    0.0000E+00   -9.9945E-01   -2.3075E-06   -2.3199E-07   -2.5046E-05
  717    0.0000E+00    0.0000E+00   -9.9941E-01   -3.0752E-06   -2.2971E-07   -2.6121E-05
  718    0.0000E+00    0.0000E+00   -9.9938E-01   -3.8039E-06   -2.2198E-07   -2.7047E-05
  719    0.0000E+00    0.0000E+00   -9.9936E-01   -4.4926E-06   -2.0958E-07   -2.7839E-05
  720    0.0000E+00    0.0000E+00   -9.9933E-01   -5.1414E-06   -1.9343E-07   -2.8507E-05
  721    0.0000E+00    0.0000E+00   -9.9931E-01   -5.7512E-06   -1.7427E-07   -2.9058E-05
  722    0.0000E+00    0.0000E+00   -9.9929E-01   -6.3237E-06   -1.5259E-07   -2.9499E-05
  723    0.0000E+00    0.0000E+00   -9.9928E-01   -6.8615E-06   -1.2858E-07   -2.9834E-05
  724    0.0000E+00    0.0000E+00   -9.9926E-01   -7.3706E-06   -1.0210E-07   -3.0067E-05
  725    0.0000E+00    0.0000E+00   -9.9926E-01   -7.8413E-06   -7.6111E-08   -3.0200E-05
  726    0.0000E+00    0.0000E+00   -9.9926E-01   -8.2603E-06   -3.4037E-08   -3.0235E-05
  727    0.0000E+00    0.0000E+00   -9.9927E-01   -8.6028E-06    9.2252E-09   -3.0173E-05
  728    0.0000E+00    0.0000E+00   -9.9932E-01   -8.8975E-06    2.4290E-08   -3.0011E-05
  729    0.0000E+00    0.0000E+00   -9.9962E-01   -9.2098E-06    7.8871E-08   -2.9746E-05
  730    0.0000E+00    0.0000E+00   -9.9954E-01    1.1209E-06   -5.2286E-07   -1.8663E-05
  731    0.0000E+00    0.0000E+00   -9.9957E-01    1.9524E-07   -5.8243E-07   -2.0611E-05
  732    0.0000E+00    0.0000E+00   -9.9953E-01   -6.7635E-07   -6.1319E-07   -2.2269E-05
  733    0.0000E+00    0.0000E+00   -9.9950E-01   -1.5083E-06   -6.2225E-07   -2.3699E-05
  734    0.0000E+00    0.0000E+00   -9.9946E-01   -2.3042E-06   -6.1841E-07   -2.4938E-05
  735    0.0000E+00    0.0000E+00   -9.9943E-01   -3.0633E-06   -6.0760E-07   -2.6011E-05
  736    0.0000E+00    0.0000E+00   -9.9940E-01   -3.7845E-06   -5.9308E-07   -2.6937E-05
  737    0.0000E+00    0.0000E+00   -9.9937E-01   -4.4671E-06   -5.7656E-07   -2.7728E-05
  738    0.0000E+00    0.0000E+00   -9.9935E-01   -5.1112E-06   -5.5902E-07   -2.8395E-05
  739    0.0000E+00    0.0000E+00   -9.9933E-01   -5.7174E-06   -5.4110E-07   -2.8946E-05
  740    0.0000E+00    0.0000E+00   -9.9931E-01   -6.2867E-06   -5.2320E-07   -2.9387E-05
  741    0.0000E+00    0.0000E+00   -9.9930E-01   -6.8209E-06   -5.0543E-07   -2.9721E-05
  742    0.0000E+00    0.0000E+00   -9.9929E-01   -7.3256E-06   -4.8681E-07   -2.9953E-05
  743    0.0000E+00    0.0000E+00   -9.9928E-01   -7.7855E-06   -4.6365E-07   -3.0084E-05
  744    0.0000E+00    0.0000E+00   -9.9929E-01   -8.2040E-06   -4.4041E-07   -3.0117E-05
  745    0.0000E+00    0.0000E+00   -9.9930E-01   -8.5673E-06   -4.1868E-07   -3.0052E-05
  746    0.0000E+00    0.0000E+00   -9.9935E-01   -8.8521E-06   -4.0214E-07   -2.9886E-05
  747    0.0000E+00    0.0000E+00   -9.9963E-01   -9.2041E-06   -3.9593E-07   -2.9617E-05
  748    0.0000E+00    0.0000E+00   -9.9954E-01    1.0956E-06   -8.6083E-07   -1.8498E-05
  749    0.0000E+00    0.0000E+00   -9.9958E-01    1.6846E-07   -9.5338E-07   -2.0430E-05
  750    0.0000E+00    0.0000E+00   -9.9955E-01   -6.9783E-07   -9.9487E-07   -2.2077E-05
  751    0.0000E+00    0.0000E+00   -9.9951E-01   -1.5196E-06   -1.0037E-06   -2.3496E-05
  752    0.0000E+00    0.0000E+00   -9.9947E-01   -2.3029E-06   -9.9568E-07   -2.4727E-05
  753    0.0000E+00    0.0000E+00   -9.9944E-01   -3.0490E-06   -9.8117E-07   -2.5794E-05
  754    0.0000E+00    0.0000E+00   -9.9942E-01   -3.7580E-06   -9.6571E-07   -2.6715E-05
  755    0.0000E+00    0.0000E+00   -9.9939E-01   -4.4299E-06   -9.5178E-07   -2.7503E-05
  756    0.0000E+00    0.0000E+00   -9.9937E-01   -5.0648E-06   -9.4032E-07   -2.8168E-05
  757    0.0000E+00    0.0000E+00   -9.9936E-01   -5.6633E-06   -9.3168E-07   -2.8717E-05
  758    0.0000E+00    0.0000E+00   -9.9934E-01   -6.2258E-06   -9.2603E-07   -2.9156E-05
  759    0.0000E+00    0.0000E+00   -9.9933E-01   -6.7531E-06   -9.2329E-07   -2.9489E-05
  760    0.0000E+00    0.0000E+00   -9.9932E-01   -7.2478E-06   -9.2283E-07   -2.9719E-05
  761    0.0000E+00    0.0000E+00   -9.9932E-01   -7.7035E-06   -9.2213E-07   -2.9849E-05
  762    0.0000E+00    0.0000E+00   -9.9931E-01   -8.1210E-06   -9.2268E-07   -2.9880E-05
  763    0.0000E+00    0.0000E+00   -9.9933E-01   -8.4910E-06   -9.2121E-07   -2.9812E-05
  764    0.0000E+00    0.0000E+00   -9.9937E-01   -8.8000E-06   -9.0981E-07   -2.9644E-05
  765    0.0000E+00    0.0000E+00   -9.9965E-01   -9.1430E-06   -8.9951E-07   -2.9370E-05
  766    0.0000E+00    0.0000E+00   -9.9955E-01    1.0515E-06   -1.1982E-06   -1.8262E-05
  767    0.0000E+00    0.0000E+00   -9.9959E-01    1.2322E-07   -1.3113E-06   -2.0169E-05
  768    0.0000E+00    0.0000E+00   -9.9956E-01   -7.3607E-07   -1.3614E-06   -2.1795E-05
  769    0.0000E+00    0.0000E+00   -9.9952E-01   -1.5445E-06   -1.3710E-06   -2.3197E-05
  770    0.0000E+00    0.0000E+00   -9.9949E-01   -2.3110E-06   -1.3612E-06   -2.4414E-05
  771    0.0000E+00    0.0000E+00   -9.9946E-01   -3.0394E-06   -1.3462E-06   -2.5469E-05
  772    0.0000E+00    0.0000E+00   -9.9944E-01   -3.7314E-06   -1.3333E-06   -2.6381E-05
  773    0.0000E+00    0.0000E+00   -9.9942E-01   -4.3877E-06   -1.3257E-06   -2.7162E-05
  774    0.0000E+00    0.0000E+00   -9.9940E-01   -5.0087E-06   -1.3243E-06   -2.7822E-05
  775    0.0000E+00    0.0000E+00   -9.9938E-01   -5.5949E-06   -1.3291E-06   -2.8366E-05
  776    0.0000E+00    0.0000E+00   -9.9937E-01   -6.1464E-06   -1.3399E-06   -2.8802E-05
  777    0.0000E+00    0.0000E+00   -9.9936E-01   -6.6636E-06   -1.3562E-06   -2.9133E-05
  778    0.0000E+00    0.0000E+00   -9.9935E-01   -7.1473E-06   -1.3774E-06   -2.9361E-05
  779    0.0000E+00    0.0000E+00   -9.9934E-01   -7.5954E-06   -1.4015E-06   -2.9490E-05
  780    0.0000E+00    0.0000E+00   -9.9935E-01   -8.0080E-06   -1.4271E-06   -2.9520E-05
  781    0.0000E+00    0.0000E+00   -9.9936E-01   -8.3790E-06   -1.4464E-06   -2.9452E-05
  782    0.0000E+00    0.0000E+00   -9.9940E-01   -8.7040E-06   -1.4446E-06   -2.9281E-05
  783    0.0000E+00    0.0000E+00   -9.9967E-01   -9.0311E-06   -1.4383E-06   -2.9005E-05
  784    0.0000E+00    0.0000E+00   -9.9955E-01    9.8903E-07   -1.5194E-06   -1.7959E-05
  785    0.0000E+00    0.0000E+00   -9.9960E-01    5.5328E-08   -1.6534E-06   -1.9832E-05
  786    0.0000E+00    0.0000E+00   -9.9957E-01   -7.9614E-07   -1.7126E-06   -2.1428E-05
  787    0.0000E+00    0.0000E+00   -9.9954E-01   -1.5879E-06   -1.7246E-06   -2.2804E-05
  788    0.0000E+00    0.0000E+00   -9.9951E-01   -2.3332E-06   -1.7153E-06   -2.3998E-05
  789    0.0000E+00    0.0000E+00   -9.9948E-01   -3.0390E-06   -1.7021E-06   -2.5035E-05
  790    0.0000E+00    0.0000E+00   -9.9946E-01   -3.7089E-06   -1.6941E-06   -2.5933E-05
  791    0.0000E+00    0.0000E+00   -9.9944E-01   -4.3445E-06   -1.6951E-06   -2.6702E-05
  792    0.0000E+00    0.0000E+00   -9.9943E-01   -4.9466E-06   -1.7058E-06   -2.7352E-05
  793    0.0000E+00    0.0000E+00   -9.9941E-01   -5.5156E-06   -1.7260E-06   -2.7891E-05
  794    0.0000E+00    0.0000E+00   -9.9940E-01   -6.0516E-06   -1.7551E-06   -2.8321E-05
  795    0.0000E+00    0.0000E+00   -9.9939E-01   -6.5545E-06   -1.7922E-06   -2.8649E-05
  796    0.0000E+00    0.0000E+00   -9.9938E-01   -7.0245E-06   -1.8362E-06   -2.8876E-05
  797    0.0000E+00    0.0000E+00   -9.9938E-01   -7.4611E-06   -1.8851E-06   -2.9004E-05
  798    0.0000E+00    0.0000E+00   -9.9938E-01   -7.8644E-06   -1.9355E-06   -2.9035E-05
  799    0.0000E+00    0.0000E+00   -9.9939E-01   -8.2330E-06   -1.9757E-06   -2.8967E-05
  800    0.0000E+00    0.0000E+00   -9.9943E-01   -8.5709E-06   -1.9856E-06   -2.8797E-05
  801    0.0000E+00    0.0000E+00   -9.9969E-01   -8.9001E-06   -1.9868E-06   -2.8521E-05
  802    0.0000E+00    0.0000E+00   -9.9956E-01    9.0277E-07   -1.8250E-06   -1.7594E-05
  803    0.0000E+00    0.0000E+00   -9.9961E-01   -3.8922E-08   -1.9796E-06   -1.9423E-05
  804    0.0000E+00    0.0000E+00   -9.9958E-01   -8.8142E-07   -2.0487E-06   -2.0977E-05
  805    0.0000E+00    0.0000E+00   -9.9955E-01   -1.6529E-06   -2.0650E-06   -2.2317E-05
  806    0.0000E+00    0.0000E+00   -9.9953E-01   -2.3723E-06   -2.0584E-06   -2.3480E-05
  807    0.0000E+00    0.0000E+00   -9.9951E-01   -3.0503E-06   -2.0492E-06   -2.4491E-05
  808    0.0000E+00    0.0000E+00   -9.9949E-01   -3.6926E-06   -2.0481E-06   -2.5367E-05
  809    0.0000E+00    0.0000E+00   -9.9947E-01   -4.3022E-06   -2.0593E-06   -2.6119E-05
  810    0.0000E+00    0.0000E+00   -9.9946E-01   -4.8801E-06   -2.0835E-06   -2.6756E-05
  811    0.0000E+00    0.0000E+00   -9.9945E-01   -5.4269E-06   -2.1202E-06   -2.7284E-05
  812    0.0000E+00    0.0000E+00   -9.9943E-01   -5.9423E-06   -2.1683E-06   -2.7708E-05
  813    0.0000E+00    0.0000E+00   -9.9943E-01   -6.4263E-06   -2.2267E-06   -2.8031E-05
  814    0.0000E+00    0.0000E+00   -9.9942E-01   -6.8788E-06   -2.2938E-06   -2.8255E-05
  815    0.0000E+00    0.0000E+00   -9.9942E-01   -7.2996E-06   -2.3669E-06   -2.8384E-05
  816    0.0000E+00    0.0000E+00   -9.9942E-01   -7.6895E-06   -2.4416E-06   -2.8416E-05
  817    0.0000E+00    0.0000E+00   -9.9943E-01   -8.0526E-06   -2.5026E-06   -2.8351E-05
  818    0.0000E+00    0.0000E+00   -9.9947E-01   -8.4023E-06   -2.5259E-06   -2.8185E-05
  819    0.0000E+00    0.0000E+00   -9.9971E-01   -8.7400E-06   -2.5367E-06   -2.7911E-05
  820    0.0000E+00    0.0000E+00   -9.9957E-01    7.9217E-07   -2.1184E-06   -1.7173E-05
  821    0.0000E+00    0.0000E+00   -9.9962E-01   -1.6068E-07   -2.2909E-06   -1.8943E-05
  822    0.0000E+00    0.0000E+00   -9.9960E-01   -9.9314E-07   -2.3704E-06   -2.0444E-05
  823    0.0000E+00    0.0000E+00   -9.9957E-01   -1.7407E-06   -2.3931E-06   -2.1735E-05
  824    0.0000E+00    0.0000E+00   -9.9955E-01   -2.4292E-06   -2.3918E-06   -2.2857E-05
  825    0.0000E+00    0.0000E+00   -9.9953E-01   -3.0738E-06   -2.3890E-06   -2.3833E-05
  826    0.0000E+00    0.0000E+00   -9.9951E-01   -3.6829E-06   -2.3968E-06   -2.4679E-05
  827    0.0000E+00    0.0000E+00   -9.9950E-01   -4.2607E-06   -2.4196E-06   -2.5408E-05
  828    0.0000E+00    0.0000E+00   -9.9949E-01   -4.8090E-06   -2.4584E-06   -2.6027E-05
  829    0.0000E+00    0.0000E+00   -9.9948E-01   -5.3281E-06   -2.5122E-06   -2.6541E-05
  830    0.0000E+00    0.0000E+00   -9.9947E-01   -5.8179E-06   -2.5798E-06   -2.6955E-05
  831    0.0000E+00    0.0000E+00   -9.9946E-01   -6.2780E-06   -2.6594E-06   -2.7271E-05
  832    0.0000E+00    0.0000E+00   -9.9946E-01   -6.7082E-06   -2.7492E-06   -2.7493E-05
  833    0.0000E+00    0.0000E+00   -9.9946E-01   -7.1088E-06   -2.8459E-06   -2.7622E-05
  834    0.0000E+00    0.0000E+00   -9.9946E-01   -7.4814E-06   -2.9440E-06   -2.7657E-05
  835    0.0000E+00    0.0000E+00   -9.9947E-01   -7.8358E-06   -3.0254E-06   -2.7597E-05
  836    0.0000E+00    0.0000E+00   -9.9950E-01   -8.1957E-06   -3.0635E-06   -2.7437E-05
  837    0.0000E+00    0.0000E+00   -9.9973E-01   -8.5432E-06   -3.0857E-06   -2.7169E-05
  838    0.0000E+00    0.0000E+00   -9.9957E-01    6.6003E-07   -2.4050E-06   -1.6692E-05
  839    0.0000E+00    0.0000E+00   -9.9963E-01   -3.0757E-07   -2.5936E-06   -1.8392E-05
  840    0.0000E+00    0.0000E+00   -9.9961E-01   -1.1282E-06   -2.6864E-06   -1.9825E-05
  841    0.0000E+00    0.0000E+00   -9.9958E-01   -1.8474E-06   -2.7193E-06   -2.1056E-05
  842    0.0000E+00    0.0000E+00   -9.9957E-01   -2.4995E-06   -2.7267E-06   -2.2125E-05
  843    0.0000E+00    0.0000E+00   -9.9955E-01   -3.1049E-06   -2.7329E-06   -2.3055E-05
  844    0.0000E+00    0.0000E+00   -9.9954E-01   -3.6750E-06   -2.7513E-06   -2.3864E-05
  845    0.0000E+00    0.0000E+00   -9.9953E-01   -4.2154E-06   -2.7869E-06   -2.4562E-05
  846    0.0000E+00    0.0000E+00   -9.9952E-01   -4.7283E-06   -2.8406E-06   -2.5156E-05
  847    0.0000E+00    0.0000E+00   -9.9952E-01   -5.2143E-06   -2.9113E-06   -2.5652E-05
  848    0.0000E+00    0.0000E+00   -9.9951E-01   -5.6731E-06   -2.9975E-06   -2.6052E-05
  849    0.0000E+00    0.0000E+00   -9.9950E-01   -6.1043E-06   -3.0973E-06   -2.6360E-05
  850    0.0000E+00    0.0000E+00   -9.9950E-01   -6.5076E-06   -3.2082E-06   -2.6579E-05
  851    0.0000E+00    0.0000E+00   -9.9950E-01   -6.8836E-06   -3.3268E-06   -2.6708E-05
  852    0.0000E+00    0.0000E+00   -9.9950E-01   -7.2348E-06   -3.4463E-06   -2.6747E-05
  853    0.0000E+00    0.0000E+00   -9.9951E-01   -7.5777E-06   -3.5466E-06   -2.6695E-05
  854    0.0000E+00    0.0000E+00   -9.9954E-01   -7.9451E-06   -3.6002E-06   -2.6543E-05
  855    0.0000E+00    0.0000E+00   -9.9976E-01   -8.3012E-06   -3.6341E-06   -2.6284E-05
  856    0.0000E+00    0.0000E+00   -9.9958E-01    5.1049E-07   -2.6961E-06   -1.6149E-05
  857    0.0000E+00    0.0000E+00   -9.9964E-01   -4.7052E-07   -2.9127E-06   -1.7762E-05
  858    0.0000E+00    0.0000E+00   -9.9962E-01   -1.2726E-06   -3.0320E-06   -1.9114E-05
  859    0.0000E+00    0.0000E+00   -9.9960E-01   -1.9563E-06   -3.0835E-06   -2.0272E-05
  860    0.0000E+00    0.0000E+00   -9.9959E-01   -2.5658E-06   -3.1034E-06   -2.1274E-05
  861    0.0000E+00    0.0000E+00   -9.9958E-01   -3.1267E-06   -3.1195E-06   -2.2149E-05
  862    0.0000E+00    0.0000E+00   -9.9957E-01   -3.6526E-06   -3.1475E-06   -2.2910E-05
  863    0.0000E+00    0.0000E+00   -9.9957E-01   -4.1504E-06   -3.1939E-06   -2.3569E-05
  864    0.0000E+00    0.0000E+00   -9.9956E-01   -4.6231E-06   -3.2598E-06   -2.4133E-05
  865    0.0000E+00    0.0000E+00   -9.9956E-01   -5.0713E-06   -3.3440E-06   -2.4604E-05
  866    0.0000E+00    0.0000E+00   -9.9955E-01   -5.4946E-06   -3.4449E-06   -2.4988E-05
  867    0.0000E+00    0.0000E+00   -9.9955E-01   -5.8924E-06   -3.5604E-06   -2.5285E-05
  868    0.0000E+00    0.0000E+00   -9.9954E-01   -6.2648E-06   -3.6878E-06   -2.5499E-05
  869    0.0000E+00    0.0000E+00   -9.9954E-01   -6.6125E-06   -3.8230E-06   -2.5628E-05
  870    0.0000E+00    0.0000E+00   -9.9954E-01   -6.9393E-06   -3.9587E-06   -2.5673E-05
  871    0.0000E+00    0.0000E+00   -9.9955E-01   -7.2681E-06   -4.0735E-06   -2.5629E-05
  872    0.0000E+00    0.0000E+00   -9.9958E-01   -7.6396E-06   -4.1405E-06   -2.5489E-05
  873    0.0000E+00    0.0000E+00   -9.9978E-01   -8.0017E-06   -4.1829E-06   -2.5242E-05
  874    0.0000E+00    0.0000E+00   -9.9958E-01    3.4901E-07   -3.0111E-06   -1.5530E-05
  875    0.0000E+00    0.0000E+00   -9.9964E-01   -6.3008E-07   -3.3076E-06   -1.7039E-05
  876    0.0000E+00    0.0000E+00   -9.9963E-01   -1.3961E-06   -3.4853E-06   -1.8294E-05
  877    0.0000E+00    0.0000E+00   -9.9962E-01   -2.0328E-06   -3.5657E-06   -1.9363E-05
  878    0.0000E+00    0.0000E+00   -9.9961E-01   -2.5937E-06   -3.5962E-06   -2.0288E-05
  879    0.0000E+00    0.0000E+00   -9.9961E-01   -3.1064E-06   -3.6153E-06   -2.1096E-05
  880    0.0000E+00    0.0000E+00   -9.9960E-01   -3.5855E-06   -3.6447E-06   -2.1801E-05
  881    0.0000E+00    0.0000E+00   -9.9960E-01   -4.0382E-06   -3.6929E-06   -2.2414E-05
  882    0.0000E+00    0.0000E+00   -9.9960E-01   -4.4679E-06   -3.7616E-06   -2.2940E-05
  883    0.0000E+00    0.0000E+00   -9.9960E-01   -4.8754E-06   -3.8498E-06   -2.3383E-05
  884    0.0000E+00    0.0000E+00   -9.9960E-01   -5.2603E-06   -3.9556E-06   -2.3746E-05
  885    0.0000E+00    0.0000E+00   -9.9959E-01   -5.6223E-06   -4.0767E-06   -2.4030E-05
  886    0.0000E+00    0.0000E+00   -9.9959E-01   -5.9612E-06   -4.2101E-06   -2.4237E-05
  887    0.0000E+00    0.0000E+00   -9.9959E-01   -6.2787E-06   -4.3516E-06   -2.4367E-05
  888    0.0000E+00    0.0000E+00   -9.9959E-01   -6.5797E-06   -4.4931E-06   -2.4418E-05
  889    0.0000E+00    0.0000E+00   -9.9960E-01   -6.8934E-06   -4.6127E-06   -2.4384E-05
  890    0.0000E+00    0.0000E+00   -9.9962E-01   -7.2643E-06   -4.6864E-06   -2.4257E-05
  891    0.0000E+00    0.0000E+00   -9.9981E-01   -7.6286E-06   -4.7300E-06   -2.4025E-05
  892    0.0000E+00    0.0000E+00   -9.9958E-01    1.7968E-07   -3.3795E-06   -1.4814E-05
  893    0.0000E+00    0.0000E+00   -9.9965E-01   -7.5379E-07   -3.8783E-06   -1.6195E-05
  894    0.0000E+00    0.0000E+00   -9.9965E-01   -1.4507E-06   -4.1451E-06   -1.7335E-05
  895    0.0000E+00    0.0000E+00   -9.9964E-01   -2.0279E-06   -4.2444E-06   -1.8301E-05
  896    0.0000E+00    0.0000E+00   -9.9965E-01   -2.5393E-06   -4.2657E-06   -1.9138E-05
  897    0.0000E+00    0.0000E+00   -9.9965E-01   -3.0067E-06   -4.2685E-06   -1.9870E-05
  898    0.0000E+00    0.0000E+00   -9.9965E-01   -3.4414E-06   -4.2817E-06   -2.0512E-05
  899    0.0000E+00    0.0000E+00   -9.9965E-01   -3.8504E-06   -4.3157E-06   -2.1071E-05
  900    0.0000E+00    0.0000E+00   -9.9965E-01   -4.2375E-06   -4.3722E-06   -2.1555E-05
  901    0.0000E+00    0.0000E+00   -9.9965E-01   -4.6041E-06   -4.4496E-06   -2.1965E-05
  902    0.0000E+00    0.0000E+00   -9.9964E-01   -4.9503E-06   -4.5456E-06   -2.2304E-05
  903    0.0000E+00    0.0000E+00   -9.9964E-01   -5.2757E-06   -4.6576E-06   -2.2573E-05
  904    0.0000E+00    0.0000E+00   -9.9964E-01   -5.5809E-06   -4.7825E-06   -2.2772E-05
  905    0.0000E+00    0.0000E+00   -9.9964E-01   -5.8680E-06   -4.9155E-06   -2.2902E-05
  906    0.0000E+00    0.0000E+00   -9.9964E-01   -6.1440E-06   -5.0482E-06   -2.2958E-05
  907    0.0000E+00    0.0000E+00   -9.9965E-01   -6.4421E-06   -5.1596E-06   -2.2935E-05
  908    0.0000E+00    0.0000E+00   -9.9967E-01   -6.8041E-06   -5.2316E-06   -2.2822E-05
  909    0.0000E+00    0.0000E+00   -9.9984E-01   -7.1618E-06   -5.2688E-06   -2.2608E-05
  910    0.0000E+00    0.0000E+00   -9.9956E-01   -4.5637E-09   -3.8792E-06   -1.3984E-05
  911    0.0000E+00    0.0000E+00   -9.9966E-01   -7.7362E-07   -4.7347E-06   -1.5193E-05
  912    0.0000E+00    0.0000E+00   -9.9967E-01   -1.3760E-06   -5.0346E-06   -1.6191E-05
  913    0.0000E+00    0.0000E+00   -9.9968E-01   -1.9041E-06   -5.0941E-06   -1.7043E-05
  914    0.0000E+00    0.0000E+00   -9.9969E-01   -2.3797E-06   -5.0720E-06   -1.7784E-05
  915    0.0000E+00    0.0000E+00   -9.9969E-01   -2.8121E-06   -5.0377E-06   -1.8434E-05
  916    0.0000E+00    0.0000E+00   -9.9970E-01   -3.2091E-06   -5.0199E-06   -1.9006E-05
  917    0.0000E+00    0.0000E+00   -9.9970E-01   -3.5782E-06   -5.0273E-06   -1.9508E-05
  918    0.0000E+00    0.0000E+00   -9.9970E-01   -3.9248E-06   -5.0596E-06   -1.9945E-05
  919    0.0000E+00    0.0000E+00   -9.9970E-01   -4.2515E-06   -5.1141E-06   -2.0319E-05
  920    0.0000E+00    0.0000E+00   -9.9970E-01   -4.5593E-06   -5.1879E-06   -2.0631E-05
  921    0.0000E+00    0.0000E+00   -9.9969E-01   -4.8484E-06   -5.2781E-06   -2.0881E-05
  922    0.0000E+00    0.0000E+00   -9.9970E-01   -5.1200E-06   -5.3812E-06   -2.1071E-05
  923    0.0000E+00    0.0000E+00   -9.9969E-01   -5.3774E-06   -5.4925E-06   -2.1197E-05
  924    0.0000E+00    0.0000E+00   -9.9970E-01   -5.6293E-06   -5.6034E-06   -2.1258E-05
  925    0.0000E+00    0.0000E+00   -9.9970E-01   -5.9096E-06   -5.6966E-06   -2.1244E-05
  926    0.0000E+00    0.0000E+00   -9.9971E-01   -6.2419E-06   -5.7640E-06   -2.1146E-05
  927    0.0000E+00    0.0000E+00   -9.9987E-01   -6.5794E-06   -5.7843E-06   -2.0950E-05
  928    0.0000E+00    0.0000E+00   -9.9950E-01   -6.9854E-08   -4.9816E-06   -1.3042E-05
  929    0.0000E+00    0.0000E+00   -9.9967E-01   -5.8649E-07   -5.8666E-06   -1.3982E-05
  930    0.0000E+00    0.0000E+00   -9.9971E-01   -1.2280E-06   -5.9229E-06   -1.4809E-05
  931    0.0000E+00    0.0000E+00   -9.9974E-01   -1.7929E-06   -5.8360E-06   -1.5530E-05
  932    0.0000E+00    0.0000E+00   -9.9975E-01   -2.2734E-06   -5.7269E-06   -1.6163E-05
  933    0.0000E+00    0.0000E+00   -9.9975E-01   -2.6849E-06   -5.6426E-06   -1.6721E-05
  934    0.0000E+00    0.0000E+00   -9.9976E-01   -3.0434E-06   -5.5972E-06   -1.7216E-05
  935    0.0000E+00    0.0000E+00   -9.9976E-01   -3.3647E-06   -5.5882E-06   -1.7655E-05
  936    0.0000E+00    0.0000E+00   -9.9976E-01   -3.6602E-06   -5.6083E-06   -1.8039E-05
  937    0.0000E+00    0.0000E+00   -9.9976E-01   -3.9362E-06   -5.6516E-06   -1.8372E-05
  938    0.0000E+00    0.0000E+00   -9.9976E-01   -4.1951E-06   -5.7137E-06   -1.8652E-05
  939    0.0000E+00    0.0000E+00   -9.9976E-01   -4.4381E-06   -5.7912E-06   -1.8881E-05
  940    0.0000E+00    0.0000E+00   -9.9976E-01   -4.6667E-06   -5.8807E-06   -1.9057E-05
  941    0.0000E+00    0.0000E+00   -9.9976E-01   -4.8850E-06   -5.9773E-06   -1.9179E-05
  942    0.0000E+00    0.0000E+00   -9.9976E-01   -5.1016E-06   -6.0737E-06   -1.9241E-05
  943    0.0000E+00    0.0000E+00   -9.9976E-01   -5.3381E-06   -6.1586E-06   -1.9236E-05
  944    0.0000E+00    0.0000E+00   -9.9977E-01   -5.6018E-06   -6.2222E-06   -1.9153E-05
  945    0.0000E+00    0.0000E+00   -9.9989E-01   -5.9110E-06   -6.2176E-06   -1.8981E-05
  946    0.0000E+00    0.0000E+00   -9.9983E-01   -1.0436E-05    1.3881E-06   -1.6596E-05
  947    0.0000E+00    0.0000E+00   -9.9986E-01   -1.0144E-05    1.1206E-06   -1.3568E-05
  948    0.0000E+00    0.0000E+00   -9.9993E-01   -9.4135E-06    5.0592E-07   -9.2583E-06
  949    0.0000E+00    0.0000E+00   -9.9984E-01   -1.0485E-05    1.1054E-06   -1.6738E-05
  950    0.0000E+00    0.0000E+00   -9.9986E-01   -1.0177E-05    7.8117E-07   -1.3689E-05
  951    0.0000E+00    0.0000E+00   -9.9993E-01   -9.4109E-06    4.0833E-07   -9.3481E-06
  952    0.0000E+00    0.0000E+00   -9.9984E-01   -1.0536E-05    7.7044E-07   -1.6804E-05
  953    0.0000E+00    0.0000E+00   -9.9987E-01   -1.0202E-05    5.1375E-07   -1.3743E-05
  954    0.0000E+00    0.0000E+00   -9.9994E-01   -9.4170E-06    2.5928E-07   -9.3883E-06
  955    0.0000E+00    0.0000E+00   -9.9984E-01   -1.0582E-05    4.0775E-07   -1.6802E-05
  956    0.0000E+00    0.0000E+00   -9.9987E-01   -1.0228E-05    2.6029E-07   -1.3740E-05
  957    0.0000E+00    0.0000E+00   -9.9994E-01   -9.4289E-06    9.9561E-08   -9.3868E-06
  958    0.0000E+00    0.0000E+00   -9.9985E-01   -1.0624E-05    3.7520E-08   -1.6741E-05
  959    0.0000E+00    0.0000E+00   -9.9987E-01   -1.0257E-05    1.1714E-08   -1.3688E-05
  960    0.0000E+00    0.0000E+00   -9.9994E-01   -9.4449E-06   -6.2016E-08   -9.3503E-06
  961    0.0000E+00    0.0000E+00   -9.9985E-01   -1.0660E-05   -3.3835E-07   -1.6629E-05
  962    0.0000E+00    0.0000E+00   -9.9988E-01   -1.0289E-05   -2.3488E-07   -1.3594E-05
  963    0.0000E+00    0.0000E+00   -9.9994E-01   -9.4637E-06   -2.2335E-07   -9.2843E-06
  964    0.0000E+00    0.0000E+00   -9.9985E-01   -1.0690E-05   -7.2063E-07   -1.6471E-05
  965    0.0000E+00    0.0000E+00   -9.9988E-01   -1.0321E-05   -4.8149E-07   -1.3462E-05
  966    0.0000E+00    0.0000E+00   -9.9994E-01   -9.4845E-06   -3.8413E-07   -9.1923E-06
  967    0.0000E+00    0.0000E+00   -9.9985E-01   -1.0712E-05   -1.1107E-06   -1.6269E-05
  968    0.0000E+00    0.0000E+00   -9.9988E-01   -1.0354E-05   -7.2966E-07   -1.3295E-05
  969    0.0000E+00    0.0000E+00   -9.9995E-01   -9.5065E-06   -5.4458E-07   -9.0765E-06
  970    0.0000E+00    0.0000E+00   -9.9985E-01   -1.0726E-05   -1.5102E-06   -1.6024E-05
  971    0.0000E+00    0.0000E+00   -9.9989E-01   -1.0386E-05   -9.8064E-07   -1.3095E-05
  972    0.0000E+00    0.0000E+00   -9.9995E-01   -9.5288E-06   -7.0498E-07   -8.9385E-06
  973    0.0000E+00    0.0000E+00   -9.9985E-01   -1.0730E-05   -1.9211E-06   -1.5739E-05
  974    0.0000E+00    0.0000E+00   -9.9989E-01   -1.0416E-05   -1.2354E-06   -1.2863E-05
  975    0.0000E+00    0.0000E+00   -9.9995E-01   -9.5508E-06   -8.6546E-07   -8.7793E-06
  976    0.0000E+00    0.0000E+00   -9.9985E-01   -1.0722E-05   -2.3451E-06   -1.5412E-05
  977    0.0000E+00    0.0000E+00   -9.9989E-01   -1.0443E-05   -1.4943E-06   -1.2600E-05
  978    0.0000E+00    0.0000E+00   -9.9995E-01   -9.5716E-06   -1.0258E-06   -8.6000E-06
  979    0.0000E+00    0.0000E+00   -9.9985E-01   -1.0700E-05   -2.7823E-06   -1.5044E-05
  980    0.0000E+00    0.0000E+00   -9.9989E-01   -1.0466E-05   -1.7565E-06   -1.2306E-05
  981    0.0000E+00    0.0000E+00   -9.9996E-01   -9.5903E-06   -1.1853E-06   -8.4012E-06
  982    0.0000E+00    0.0000E+00   -9.9985E-01   -1.0663E-05   -3.2287E-06   -1.4634E-05
  983    0.0000E+00    0.0000E+00   -9.9989E-01   -1.0482E-05   -2.0184E-06   -1.1982E-05
  984    0.0000E+00    0.0000E+00   -9.9996E-01   -9.6062E-06   -1.3418E-06   -8.1823E-06
  985    0.0000E+00    0.0000E+00   -9.9984E-01   -1.0607E-05   -3.6713E-06   -1.4176E-05
  986    0.0000E+00    0.0000E+00   -9.9989E-01   -1.0490E-05   -2.2702E-06   -1.1622E-05
  987    0.0000E+00    0.0000E+00   -9.9996E-01   -9.6189E-06   -1.4865E-06   -7.9416E-06
  988    0.0000E+00    0.0000E+00   -9.9984E-01   -1.0532E-05   -4.0827E-06   -1.3663E-05
  989    0.0000E+00    0.0000E+00   -9.9989E-01   -1.0493E-05   -2.4848E-06   -1.1224E-05
  990    0.0000E+00    0.0000E+00   -9.9996E-01   -9.6312E-06   -1.5920E-06   -7.6775E-06
  991    0.0000E+00    0.0000E+00   -9.9983E-01   -1.0467E-05   -4.3890E-06   -1.3083E-05
  992    0.0000E+00    0.0000E+00   -9.9989E-01   -1.0513E-05   -2.5827E-06   -1.0784E-05
  993    0.0000E+00    0.0000E+00   -9.9996E-01   -9.6530E-06   -1.5966E-06   -7.3917E-06
  994    0.0000E+00    0.0000E+00   -9.9980E-01   -1.0507E-05   -4.4740E-06   -1.2441E-05
  995    0.0000E+00    0.0000E+00   -9.9987E-01   -1.0595E-05   -2.4374E-06   -1.0326E-05
  996    0.0000E+00    0.0000E+00   -9.9996E-01   -9.6961E-06   -1.4080E-06   -7.1093E-06
  997    0.0000E+00    0.0000E+00   -9.9971E-01   -1.0999E-05   -3.9148E-06   -1.1828E-05
  998    0.0000E+00    0.0000E+00   -9.9985E-01   -1.0780E-05   -1.7687E-06   -9.9769E-06
  999    0.0000E+00    0.0000E+00   -9.9995E-01   -9.7469E-06   -9.0016E-07   -6.9266E-06
 1000    0.0000E+00    0.0000E+00   -9.9985E-01   -1.3594E-06    7.3800E-06   -6.9413E-06
 1001    0.0000E+00    0.0000E+00   -9.9983E-01   -1.3774E-06    7.3166E-06   -7.1299E-06
 1002    0.0000E+00    0.0000E+00   -9.9983E-01   -1.4517E-06    7.2601E-06   -7.3970E-06
 1003    0.0000E+00    0.0000E+00   -9.9983E-01   -1.5505E-06    7.2148E-06   -7.6746E-06
 1004    0.0000E+00    0.0000E+00   -9.9983E-01   -1.6572E-06    7.1800E-06   -7.9369E-06
 1005    0.0000E+00    0.0000E+00   -9.9984E-01   -1.7643E-06    7.1539E-06   -8.1773E-06
 1006    0.0000E+00    0.0000E+00   -9.9984E-01   -1.8680E-06    7.1349E-06   -8.3954E-06
 1007    0.0000E+00    0.0000E+00   -9.9984E-01   -1.9664E-06    7.1220E-06   -8.5917E-06
 1008    0.0000E+00    0.0000E+00   -9.9984E-01   -2.0576E-06    7.1152E-06   -8.7653E-06
 1009    0.0000E+00    0.0000E+00   -9.9985E-01   -2.1389E-06    7.1159E-06   -8.9125E-06
 1010    0.0000E+00    0.0000E+00   -9.9985E-01   -2.2062E-06    7.1252E-06   -9.0278E-06
 1011    0.0000E+00    0.0000E+00   -9.9986E-01   -2.2551E-06    7.1407E-06   -9.1097E-06
 1012    0.0000E+00    0.0000E+00   -9.9991E-01   -2.2804E-06    7.1662E-06   -9.1501E-06
 1013    0.0000E+00    0.0000E+00   -9.9981E-01   -1.7513E-06    7.2630E-06   -9.9828E-06
 1014    0.0000E+00    0.0000E+00   -9.9980E-01   -1.6533E-06    7.0742E-06   -1.0334E-05
 1015    0.0000E+00    0.0000E+00   -9.9980E-01   -1.7658E-06    6.9345E-06   -1.0779E-05
 1016    0.0000E+00    0.0000E+00   -9.9981E-01   -1.9415E-06    6.8378E-06   -1.1218E-05
 1017    0.0000E+00    0.0000E+00   -9.9981E-01   -2.1297E-06    6.7724E-06   -1.1620E-05
 1018    0.0000E+00    0.0000E+00   -9.9981E-01   -2.3148E-06    6.7296E-06   -1.1983E-05
 1019    0.0000E+00    0.0000E+00   -9.9981E-01   -2.4923E-06    6.7047E-06   -1.2309E-05
 1020    0.0000E+00    0.0000E+00   -9.9981E-01   -2.6608E-06    6.6951E-06   -1.2600E-05
 1021    0.0000E+00    0.0000E+00   -9.9981E-01   -2.8208E-06    6.6998E-06   -1.2855E-05
 1022    0.0000E+00    0.0000E+00   -9.9982E-01   -2.9760E-06    6.7176E-06   -1.3069E-05
 1023    0.0000E+00    0.0000E+00   -9.9982E-01   -3.1223E-06    6.7472E-06   -1.3237E-05
 1024    0.0000E+00    0.0000E+00   -9.9983E-01   -3.2368E-06    6.7918E-06   -1.3355E-05
 1025    0.0000E+00    0.0000E+00   -9.9990E-01   -3.3621E-06    6.8474E-06   -1.3407E-05
 1026    0.0000E+00    0.0000E+00   -9.9991E-01   -1.4687E-06    7.0040E-06   -1.1825E-05
 1027    0.0000E+00    0.0000E+00   -9.9993E-01   -1.5861E-06    6.6161E-06   -1.2444E-05
 1028    0.0000E+00    0.0000E+00   -9.9994E-01   -1.8239E-06    6.4510E-06   -1.3079E-05
 1029    0.0000E+00    0.0000E+00   -9.9994E-01   -2.0746E-06    6.3703E-06   -1.3657E-05
 1030    0.0000E+00    0.0000E+00   -9.9993E-01   -2.3236E-06    6.3201E-06   -1.4170E-05
 1031    0.0000E+00    0.0000E+00   -9.9994E-01   -2.5670E-06    6.2859E-06   -1.4627E-05
 1032    0.0000E+00    0.0000E+00   -9.9993E-01   -2.8035E-06    6.2664E-06   -1.5033E-05
 1033    0.0000E+00    0.0000E+00   -9.9993E-01   -3.0321E-06    6.2629E-06   -1.5394E-05
 1034    0.0000E+00    0.0000E+00   -9.9993E-01   -3.2544E-06    6.2751E-06   -1.5708E-05
 1035    0.0000E+00    0.0000E+00   -9.9993E-01   -3.4778E-06    6.3003E-06   -1.5972E-05
 1036    0.0000E+00    0.0000E+00   -9.9993E-01   -3.6941E-06    6.3409E-06   -1.6179E-05
 1037    0.0000E+00    0.0000E+00   -9.9993E-01   -3.8807E-06    6.3984E-06   -1.6324E-05
 1038    0.0000E+00    0.0000E+00   -1.0000E+00   -4.1425E-06    6.4296E-06   -1.6392E-05
