 *************************************************************************
 ************		    DDM3D_qua_part1		        **********
 ************	    developed by Wong and Cui (2021)            **********
 ************	       DDFS3D (version 1.0), 31-5-2021		**********
 *************************************************************************
 Title: Penny shape crack(section 3.1 of the companion paper)to verify the quadrilateral element                                  
 Modulus=  4.0000E+04  Poisson ratio=    0.2500  KS=  0.0000E+00  KN=  0.0000E+00
 Initial stress field:
 Pxx=  0.0000E+00 Pyy=  0.0000E+00 Pzz=  0.0000E+00
 Pxy=  0.0000E+00 Pxz=  0.0000E+00 Pyz=  0.0000E+00
 Number of elements:      1038
 Number of nodes   :      1091
 Times of iteration:        59
 Computing time    :      9.62 s
 Coordinates of center of gravity and displacement discontinuities of each element:
  No.	     Gx            Gy            Gz            Dx            Dy           Dz 
    1   -7.2546E-01    2.6077E-02    0.0000E+00    0.0000E+00    0.0000E+00   -4.2294E-05
    2   -6.6510E-01    2.6091E-02    0.0000E+00    0.0000E+00    0.0000E+00   -4.5665E-05
    3   -6.0416E-01    2.6502E-02    0.0000E+00    0.0000E+00    0.0000E+00   -4.8562E-05
    4   -5.4305E-01    2.7076E-02    0.0000E+00    0.0000E+00    0.0000E+00   -5.1045E-05
    5   -4.8230E-01    2.7684E-02    0.0000E+00    0.0000E+00    0.0000E+00   -5.3164E-05
    6   -4.2130E-01    2.8237E-02    0.0000E+00    0.0000E+00    0.0000E+00   -5.4971E-05
    7   -3.6044E-01    2.8720E-02    0.0000E+00    0.0000E+00    0.0000E+00   -5.6485E-05
    8   -3.0008E-01    2.9154E-02    0.0000E+00    0.0000E+00    0.0000E+00   -5.7730E-05
    9   -2.3920E-01    2.9586E-02    0.0000E+00    0.0000E+00    0.0000E+00   -5.8734E-05
   10   -7.2618E-01    7.7780E-02    0.0000E+00    0.0000E+00    0.0000E+00   -4.2033E-05
   11   -6.6678E-01    7.8091E-02    0.0000E+00    0.0000E+00    0.0000E+00   -4.5380E-05
   12   -6.0676E-01    7.9355E-02    0.0000E+00    0.0000E+00    0.0000E+00   -4.8259E-05
   13   -5.4631E-01    8.1058E-02    0.0000E+00    0.0000E+00    0.0000E+00   -5.0738E-05
   14   -4.8574E-01    8.2854E-02    0.0000E+00    0.0000E+00    0.0000E+00   -5.2864E-05
   15   -4.2499E-01    8.4541E-02    0.0000E+00    0.0000E+00    0.0000E+00   -5.4678E-05
   16   -3.6425E-01    8.6048E-02    0.0000E+00    0.0000E+00    0.0000E+00   -5.6203E-05
   17   -3.0388E-01    8.7428E-02    0.0000E+00    0.0000E+00    0.0000E+00   -5.7458E-05
   18   -2.4341E-01    8.8795E-02    0.0000E+00    0.0000E+00    0.0000E+00   -5.8467E-05
   19   -7.2645E-01    1.2942E-01    0.0000E+00    0.0000E+00    0.0000E+00   -4.1567E-05
   20   -6.6820E-01    1.3012E-01    0.0000E+00    0.0000E+00    0.0000E+00   -4.4887E-05
   21   -6.0919E-01    1.3225E-01    0.0000E+00    0.0000E+00    0.0000E+00   -4.7746E-05
   22   -5.4960E-01    1.3507E-01    0.0000E+00    0.0000E+00    0.0000E+00   -5.0213E-05
   23   -4.8964E-01    1.3804E-01    0.0000E+00    0.0000E+00    0.0000E+00   -5.2336E-05
   24   -4.2941E-01    1.4084E-01    0.0000E+00    0.0000E+00    0.0000E+00   -5.4151E-05
   25   -3.6907E-01    1.4336E-01    0.0000E+00    0.0000E+00    0.0000E+00   -5.5683E-05
   26   -3.0894E-01    1.4569E-01    0.0000E+00    0.0000E+00    0.0000E+00   -5.6947E-05
   27   -2.4891E-01    1.4800E-01    0.0000E+00    0.0000E+00    0.0000E+00   -5.7963E-05
   28   -7.2539E-01    1.8092E-01    0.0000E+00    0.0000E+00    0.0000E+00   -4.0941E-05
   29   -6.6850E-01    1.8208E-01    0.0000E+00    0.0000E+00    0.0000E+00   -4.4224E-05
   30   -6.1069E-01    1.8512E-01    0.0000E+00    0.0000E+00    0.0000E+00   -4.7051E-05
   31   -5.5215E-01    1.8906E-01    0.0000E+00    0.0000E+00    0.0000E+00   -4.9494E-05
   32   -4.9308E-01    1.9320E-01    0.0000E+00    0.0000E+00    0.0000E+00   -5.1602E-05
   33   -4.3361E-01    1.9712E-01    0.0000E+00    0.0000E+00    0.0000E+00   -5.3410E-05
   34   -3.7393E-01    2.0065E-01    0.0000E+00    0.0000E+00    0.0000E+00   -5.4941E-05
   35   -3.1432E-01    2.0393E-01    0.0000E+00    0.0000E+00    0.0000E+00   -5.6209E-05
   36   -2.5484E-01    2.0720E-01    0.0000E+00    0.0000E+00    0.0000E+00   -5.7229E-05
   37   -7.2247E-01    2.3218E-01    0.0000E+00    0.0000E+00    0.0000E+00   -4.0181E-05
   38   -6.6723E-01    2.3387E-01    0.0000E+00    0.0000E+00    0.0000E+00   -4.3407E-05
   39   -6.1086E-01    2.3787E-01    0.0000E+00    0.0000E+00    0.0000E+00   -4.6186E-05
   40   -5.5359E-01    2.4297E-01    0.0000E+00    0.0000E+00    0.0000E+00   -4.8590E-05
   41   -4.9565E-01    2.4830E-01    0.0000E+00    0.0000E+00    0.0000E+00   -5.0670E-05
   42   -4.3720E-01    2.5334E-01    0.0000E+00    0.0000E+00    0.0000E+00   -5.2459E-05
   43   -3.7842E-01    2.5790E-01    0.0000E+00    0.0000E+00    0.0000E+00   -5.3979E-05
   44   -3.1959E-01    2.6215E-01    0.0000E+00    0.0000E+00    0.0000E+00   -5.5242E-05
   45   -2.6081E-01    2.6638E-01    0.0000E+00    0.0000E+00    0.0000E+00   -5.6260E-05
   46   -7.1744E-01    2.8310E-01    0.0000E+00    0.0000E+00    0.0000E+00   -3.9301E-05
   47   -6.6412E-01    2.8541E-01    0.0000E+00    0.0000E+00    0.0000E+00   -4.2447E-05
   48   -6.0946E-01    2.9042E-01    0.0000E+00    0.0000E+00    0.0000E+00   -4.5156E-05
   49   -5.5372E-01    2.9671E-01    0.0000E+00    0.0000E+00    0.0000E+00   -4.7502E-05
   50   -4.9716E-01    3.0327E-01    0.0000E+00    0.0000E+00    0.0000E+00   -4.9536E-05
   51   -4.3997E-01    3.0946E-01    0.0000E+00    0.0000E+00    0.0000E+00   -5.1292E-05
   52   -3.8237E-01    3.1508E-01    0.0000E+00    0.0000E+00    0.0000E+00   -5.2790E-05
   53   -3.2457E-01    3.2031E-01    0.0000E+00    0.0000E+00    0.0000E+00   -5.4039E-05
   54   -2.6671E-01    3.2552E-01    0.0000E+00    0.0000E+00    0.0000E+00   -5.5048E-05
   55   -7.1022E-01    3.3348E-01    0.0000E+00    0.0000E+00    0.0000E+00   -3.8305E-05
   56   -6.5909E-01    3.3654E-01    0.0000E+00    0.0000E+00    0.0000E+00   -4.1346E-05
   57   -6.0639E-01    3.4265E-01    0.0000E+00    0.0000E+00    0.0000E+00   -4.3961E-05
   58   -5.5244E-01    3.5021E-01    0.0000E+00    0.0000E+00    0.0000E+00   -4.6226E-05
   59   -4.9752E-01    3.5804E-01    0.0000E+00    0.0000E+00    0.0000E+00   -4.8195E-05
   60   -4.4186E-01    3.6543E-01    0.0000E+00    0.0000E+00    0.0000E+00   -4.9902E-05
   61   -3.8570E-01    3.7214E-01    0.0000E+00    0.0000E+00    0.0000E+00   -5.1364E-05
   62   -3.2918E-01    3.7840E-01    0.0000E+00    0.0000E+00    0.0000E+00   -5.2588E-05
   63   -2.7246E-01    3.8461E-01    0.0000E+00    0.0000E+00    0.0000E+00   -5.3578E-05
   64   -7.0089E-01    3.8306E-01    0.0000E+00    0.0000E+00    0.0000E+00   -3.7196E-05
   65   -6.5219E-01    3.8703E-01    0.0000E+00    0.0000E+00    0.0000E+00   -4.0101E-05
   66   -6.0173E-01    3.9436E-01    0.0000E+00    0.0000E+00    0.0000E+00   -4.2593E-05
   67   -5.4982E-01    4.0328E-01    0.0000E+00    0.0000E+00    0.0000E+00   -4.4753E-05
   68   -4.9680E-01    4.1247E-01    0.0000E+00    0.0000E+00    0.0000E+00   -4.6635E-05
   69   -4.4293E-01    4.2114E-01    0.0000E+00    0.0000E+00    0.0000E+00   -4.8273E-05
   70   -3.8844E-01    4.2901E-01    0.0000E+00    0.0000E+00    0.0000E+00   -4.9683E-05
   71   -3.3346E-01    4.3636E-01    0.0000E+00    0.0000E+00    0.0000E+00   -5.0870E-05
   72   -2.7806E-01    4.4362E-01    0.0000E+00    0.0000E+00    0.0000E+00   -5.1830E-05
   73   -6.8982E-01    4.3131E-01    0.0000E+00    0.0000E+00    0.0000E+00   -3.5967E-05
   74   -6.4392E-01    4.3637E-01    0.0000E+00    0.0000E+00    0.0000E+00   -3.8698E-05
   75   -5.9599E-01    4.4511E-01    0.0000E+00    0.0000E+00    0.0000E+00   -4.1033E-05
   76   -5.4636E-01    4.5556E-01    0.0000E+00    0.0000E+00    0.0000E+00   -4.3059E-05
   77   -4.9543E-01    4.6627E-01    0.0000E+00    0.0000E+00    0.0000E+00   -4.4830E-05
   78   -4.4352E-01    4.7635E-01    0.0000E+00    0.0000E+00    0.0000E+00   -4.6380E-05
   79   -3.9088E-01    4.8553E-01    0.0000E+00    0.0000E+00    0.0000E+00   -4.7723E-05
   80   -3.3755E-01    4.9408E-01    0.0000E+00    0.0000E+00    0.0000E+00   -4.8858E-05
   81   -2.8360E-01    5.0249E-01    0.0000E+00    0.0000E+00    0.0000E+00   -4.9778E-05
   82   -6.7790E-01    4.7724E-01    0.0000E+00    0.0000E+00    0.0000E+00   -3.4608E-05
   83   -6.3546E-01    4.8366E-01    0.0000E+00    0.0000E+00    0.0000E+00   -3.7108E-05
   84   -5.9040E-01    4.9416E-01    0.0000E+00    0.0000E+00    0.0000E+00   -3.9243E-05
   85   -5.4318E-01    5.0647E-01    0.0000E+00    0.0000E+00    0.0000E+00   -4.1104E-05
   86   -4.9436E-01    5.1899E-01    0.0000E+00    0.0000E+00    0.0000E+00   -4.2742E-05
   87   -4.4438E-01    5.3076E-01    0.0000E+00    0.0000E+00    0.0000E+00   -4.4186E-05
   88   -3.9352E-01    5.4149E-01    0.0000E+00    0.0000E+00    0.0000E+00   -4.5445E-05
   89   -3.4179E-01    5.5146E-01    0.0000E+00    0.0000E+00    0.0000E+00   -4.6515E-05
   90   -2.8921E-01    5.6117E-01    0.0000E+00    0.0000E+00    0.0000E+00   -4.7383E-05
   91   -6.6678E-01    5.1909E-01    0.0000E+00    0.0000E+00    0.0000E+00   -3.3117E-05
   92   -6.2874E-01    5.2758E-01    0.0000E+00    0.0000E+00    0.0000E+00   -3.5285E-05
   93   -5.8676E-01    5.4055E-01    0.0000E+00    0.0000E+00    0.0000E+00   -3.7163E-05
   94   -5.4181E-01    5.5532E-01    0.0000E+00    0.0000E+00    0.0000E+00   -3.8828E-05
   95   -4.9482E-01    5.7016E-01    0.0000E+00    0.0000E+00    0.0000E+00   -4.0312E-05
   96   -4.4642E-01    5.8406E-01    0.0000E+00    0.0000E+00    0.0000E+00   -4.1633E-05
   97   -3.9699E-01    5.9675E-01    0.0000E+00    0.0000E+00    0.0000E+00   -4.2794E-05
   98   -3.4649E-01    6.0845E-01    0.0000E+00    0.0000E+00    0.0000E+00   -4.3786E-05
   99   -2.9502E-01    6.1964E-01    0.0000E+00    0.0000E+00    0.0000E+00   -4.4590E-05
  100   -6.5890E-01    5.5389E-01    0.0000E+00    0.0000E+00    0.0000E+00   -3.1511E-05
  101   -6.2609E-01    5.6682E-01    0.0000E+00    0.0000E+00    0.0000E+00   -3.3151E-05
  102   -5.8670E-01    5.8390E-01    0.0000E+00    0.0000E+00    0.0000E+00   -3.4702E-05
  103   -5.4329E-01    6.0231E-01    0.0000E+00    0.0000E+00    0.0000E+00   -3.6138E-05
  104   -4.9745E-01    6.2027E-01    0.0000E+00    0.0000E+00    0.0000E+00   -3.7446E-05
  105   -4.5005E-01    6.3688E-01    0.0000E+00    0.0000E+00    0.0000E+00   -3.8628E-05
  106   -4.0152E-01    6.5187E-01    0.0000E+00    0.0000E+00    0.0000E+00   -3.9677E-05
  107   -3.5191E-01    6.6546E-01    0.0000E+00    0.0000E+00    0.0000E+00   -4.0579E-05
  108   -3.0121E-01    6.7810E-01    0.0000E+00    0.0000E+00    0.0000E+00   -4.1314E-05
  109   -3.0796E-01    7.3621E-01    0.0000E+00    0.0000E+00    0.0000E+00   -3.7430E-05
  110   -3.1554E-01    7.9365E-01    0.0000E+00    0.0000E+00    0.0000E+00   -3.2746E-05
  111   -3.2520E-01    8.5084E-01    0.0000E+00    0.0000E+00    0.0000E+00   -2.6790E-05
  112   -3.3828E-01    9.0863E-01    0.0000E+00    0.0000E+00    0.0000E+00   -1.8295E-05
  113   -3.5855E-01    7.2188E-01    0.0000E+00    0.0000E+00    0.0000E+00   -3.6772E-05
  114   -3.6699E-01    7.7719E-01    0.0000E+00    0.0000E+00    0.0000E+00   -3.2182E-05
  115   -3.7835E-01    8.3203E-01    0.0000E+00    0.0000E+00    0.0000E+00   -2.6333E-05
  116   -3.9350E-01    8.8725E-01    0.0000E+00    0.0000E+00    0.0000E+00   -1.7981E-05
  117   -4.0799E-01    7.0609E-01    0.0000E+00    0.0000E+00    0.0000E+00   -3.5973E-05
  118   -4.1722E-01    7.5878E-01    0.0000E+00    0.0000E+00    0.0000E+00   -3.1497E-05
  119   -4.3003E-01    8.1078E-01    0.0000E+00    0.0000E+00    0.0000E+00   -2.5779E-05
  120   -4.4698E-01    8.6294E-01    0.0000E+00    0.0000E+00    0.0000E+00   -1.7602E-05
  121   -4.5610E-01    6.8884E-01    0.0000E+00    0.0000E+00    0.0000E+00   -3.5044E-05
  122   -4.6593E-01    7.3866E-01    0.0000E+00    0.0000E+00    0.0000E+00   -3.0688E-05
  123   -4.8016E-01    7.8710E-01    0.0000E+00    0.0000E+00    0.0000E+00   -2.5136E-05
  124   -4.9866E-01    8.3576E-01    0.0000E+00    0.0000E+00    0.0000E+00   -1.7167E-05
  125   -5.0297E-01    6.6957E-01    0.0000E+00    0.0000E+00    0.0000E+00   -3.4006E-05
  126   -5.1319E-01    7.1625E-01    0.0000E+00    0.0000E+00    0.0000E+00   -2.9805E-05
  127   -5.2864E-01    7.6085E-01    0.0000E+00    0.0000E+00    0.0000E+00   -2.4434E-05
  128   -5.4844E-01    8.0574E-01    0.0000E+00    0.0000E+00    0.0000E+00   -1.6693E-05
  129   -5.4863E-01    6.4769E-01    0.0000E+00    0.0000E+00    0.0000E+00   -3.2895E-05
  130   -5.5921E-01    6.9069E-01    0.0000E+00    0.0000E+00    0.0000E+00   -2.8895E-05
  131   -5.7531E-01    7.3184E-01    0.0000E+00    0.0000E+00    0.0000E+00   -2.3710E-05
  132   -5.9613E-01    7.7296E-01    0.0000E+00    0.0000E+00    0.0000E+00   -1.6207E-05
  133   -5.9180E-01    6.2449E-01    0.0000E+00    0.0000E+00    0.0000E+00   -3.1717E-05
  134   -6.0282E-01    6.6303E-01    0.0000E+00    0.0000E+00    0.0000E+00   -2.7958E-05
  135   -6.1960E-01    7.0036E-01    0.0000E+00    0.0000E+00    0.0000E+00   -2.2993E-05
  136   -6.4144E-01    7.3760E-01    0.0000E+00    0.0000E+00    0.0000E+00   -1.5736E-05
  137   -6.3045E-01    6.0157E-01    0.0000E+00    0.0000E+00    0.0000E+00   -3.0524E-05
  138   -6.4247E-01    6.3423E-01    0.0000E+00    0.0000E+00    0.0000E+00   -2.7074E-05
  139   -6.6076E-01    6.6671E-01    0.0000E+00    0.0000E+00    0.0000E+00   -2.2357E-05
  140   -6.8404E-01    6.9986E-01    0.0000E+00    0.0000E+00    0.0000E+00   -1.5333E-05
  141   -6.6195E-01    5.8011E-01    0.0000E+00    0.0000E+00    0.0000E+00   -2.9522E-05
  142   -6.7705E-01    6.0400E-01    0.0000E+00    0.0000E+00    0.0000E+00   -2.6445E-05
  143   -6.9807E-01    6.3098E-01    0.0000E+00    0.0000E+00    0.0000E+00   -2.1937E-05
  144   -7.2352E-01    6.6007E-01    0.0000E+00    0.0000E+00    0.0000E+00   -1.5071E-05
  145   -7.6005E-01    6.1776E-01    0.0000E+00    0.0000E+00    0.0000E+00   -1.5048E-05
  146   -7.9389E-01    5.7264E-01    0.0000E+00    0.0000E+00    0.0000E+00   -1.5264E-05
  147   -8.2499E-01    5.2505E-01    0.0000E+00    0.0000E+00    0.0000E+00   -1.5619E-05
  148   -8.5324E-01    4.7536E-01    0.0000E+00    0.0000E+00    0.0000E+00   -1.6041E-05
  149   -8.7848E-01    4.2390E-01    0.0000E+00    0.0000E+00    0.0000E+00   -1.6490E-05
  150   -9.0075E-01    3.7078E-01    0.0000E+00    0.0000E+00    0.0000E+00   -1.6928E-05
  151   -9.1995E-01    3.1623E-01    0.0000E+00    0.0000E+00    0.0000E+00   -1.7343E-05
  152   -9.3596E-01    2.6048E-01    0.0000E+00    0.0000E+00    0.0000E+00   -1.7727E-05
  153   -9.4873E-01    2.0376E-01    0.0000E+00    0.0000E+00    0.0000E+00   -1.8073E-05
  154   -9.5824E-01    1.4624E-01    0.0000E+00    0.0000E+00    0.0000E+00   -1.8366E-05
  155   -9.6451E-01    8.8120E-02    0.0000E+00    0.0000E+00    0.0000E+00   -1.8584E-05
  156   -9.6769E-01    2.9534E-02    0.0000E+00    0.0000E+00    0.0000E+00   -1.8691E-05
  157   -7.3147E-01    5.9220E-01    0.0000E+00    0.0000E+00    0.0000E+00   -2.1911E-05
  158   -7.6157E-01    5.4969E-01    0.0000E+00    0.0000E+00    0.0000E+00   -2.2275E-05
  159   -7.8878E-01    5.0408E-01    0.0000E+00    0.0000E+00    0.0000E+00   -2.2850E-05
  160   -8.1311E-01    4.5615E-01    0.0000E+00    0.0000E+00    0.0000E+00   -2.3511E-05
  161   -8.3457E-01    4.0640E-01    0.0000E+00    0.0000E+00    0.0000E+00   -2.4189E-05
  162   -8.5326E-01    3.5504E-01    0.0000E+00    0.0000E+00    0.0000E+00   -2.4841E-05
  163   -8.6910E-01    3.0242E-01    0.0000E+00    0.0000E+00    0.0000E+00   -2.5453E-05
  164   -8.8200E-01    2.4880E-01    0.0000E+00    0.0000E+00    0.0000E+00   -2.6014E-05
  165   -8.9195E-01    1.9441E-01    0.0000E+00    0.0000E+00    0.0000E+00   -2.6515E-05
  166   -8.9905E-01    1.3942E-01    0.0000E+00    0.0000E+00    0.0000E+00   -2.6936E-05
  167   -9.0351E-01    8.3975E-02    0.0000E+00    0.0000E+00    0.0000E+00   -2.7247E-05
  168   -9.0582E-01    2.8143E-02    0.0000E+00    0.0000E+00    0.0000E+00   -2.7398E-05
  169   -7.0587E-01    5.7037E-01    0.0000E+00    0.0000E+00    0.0000E+00   -2.6424E-05
  170   -7.3053E-01    5.3155E-01    0.0000E+00    0.0000E+00    0.0000E+00   -2.6999E-05
  171   -7.5284E-01    4.8833E-01    0.0000E+00    0.0000E+00    0.0000E+00   -2.7820E-05
  172   -7.7290E-01    4.4207E-01    0.0000E+00    0.0000E+00    0.0000E+00   -2.8706E-05
  173   -7.9064E-01    3.9362E-01    0.0000E+00    0.0000E+00    0.0000E+00   -2.9576E-05
  174   -8.0593E-01    3.4357E-01    0.0000E+00    0.0000E+00    0.0000E+00   -3.0398E-05
  175   -8.1862E-01    2.9236E-01    0.0000E+00    0.0000E+00    0.0000E+00   -3.1158E-05
  176   -8.2864E-01    2.4032E-01    0.0000E+00    0.0000E+00    0.0000E+00   -3.1847E-05
  177   -8.3601E-01    1.8764E-01    0.0000E+00    0.0000E+00    0.0000E+00   -3.2456E-05
  178   -8.4093E-01    1.3450E-01    0.0000E+00    0.0000E+00    0.0000E+00   -3.2963E-05
  179   -8.4381E-01    8.1011E-02    0.0000E+00    0.0000E+00    0.0000E+00   -3.3333E-05
  180   -8.4532E-01    2.7229E-02    0.0000E+00    0.0000E+00    0.0000E+00   -3.3517E-05
  181   -6.8351E-01    5.5480E-01    0.0000E+00    0.0000E+00    0.0000E+00   -2.9515E-05
  182   -6.9992E-01    5.2022E-01    0.0000E+00    0.0000E+00    0.0000E+00   -3.0469E-05
  183   -7.1657E-01    4.7872E-01    0.0000E+00    0.0000E+00    0.0000E+00   -3.1595E-05
  184   -7.3242E-01    4.3324E-01    0.0000E+00    0.0000E+00    0.0000E+00   -3.2709E-05
  185   -7.4664E-01    3.8537E-01    0.0000E+00    0.0000E+00    0.0000E+00   -3.3759E-05
  186   -7.5876E-01    3.3598E-01    0.0000E+00    0.0000E+00    0.0000E+00   -3.4729E-05
  187   -7.6853E-01    2.8559E-01    0.0000E+00    0.0000E+00    0.0000E+00   -3.5612E-05
  188   -7.7588E-01    2.3451E-01    0.0000E+00    0.0000E+00    0.0000E+00   -3.6404E-05
  189   -7.8085E-01    1.8294E-01    0.0000E+00    0.0000E+00    0.0000E+00   -3.7097E-05
  190   -7.8370E-01    1.3103E-01    0.0000E+00    0.0000E+00    0.0000E+00   -3.7673E-05
  191   -7.8498E-01    7.8883E-02    0.0000E+00    0.0000E+00    0.0000E+00   -3.8097E-05
  192   -7.8549E-01    2.6550E-02    0.0000E+00    0.0000E+00    0.0000E+00   -3.8318E-05
  193    6.6845E-01    7.2015E-01    0.0000E+00    0.0000E+00    0.0000E+00   -1.3783E-05
  194    6.2645E-01    7.5568E-01    0.0000E+00    0.0000E+00    0.0000E+00   -1.4183E-05
  195    5.8119E-01    7.8925E-01    0.0000E+00    0.0000E+00    0.0000E+00   -1.4743E-05
  196    5.3286E-01    8.2083E-01    0.0000E+00    0.0000E+00    0.0000E+00   -1.5318E-05
  197    4.8186E-01    8.5008E-01    0.0000E+00    0.0000E+00    0.0000E+00   -1.5857E-05
  198    4.2861E-01    8.7658E-01    0.0000E+00    0.0000E+00    0.0000E+00   -1.6350E-05
  199    3.7350E-01    9.0003E-01    0.0000E+00    0.0000E+00    0.0000E+00   -1.6798E-05
  200    3.1682E-01    9.2021E-01    0.0000E+00    0.0000E+00    0.0000E+00   -1.7203E-05
  201    2.5885E-01    9.3699E-01    0.0000E+00    0.0000E+00    0.0000E+00   -1.7568E-05
  202    1.9983E-01    9.5028E-01    0.0000E+00    0.0000E+00    0.0000E+00   -1.7890E-05
  203    1.4000E-01    9.5999E-01    0.0000E+00    0.0000E+00    0.0000E+00   -1.8170E-05
  204    7.9579E-02    9.6607E-01    0.0000E+00    0.0000E+00    0.0000E+00   -1.8404E-05
  205    1.8815E-02    9.6851E-01    0.0000E+00    0.0000E+00    0.0000E+00   -1.8592E-05
  206   -4.2067E-02    9.6728E-01    0.0000E+00    0.0000E+00    0.0000E+00   -1.8727E-05
  207   -1.0284E-01    9.6243E-01    0.0000E+00    0.0000E+00    0.0000E+00   -1.8801E-05
  208   -1.6329E-01    9.5399E-01    0.0000E+00    0.0000E+00    0.0000E+00   -1.8802E-05
  209   -2.2314E-01    9.4203E-01    0.0000E+00    0.0000E+00    0.0000E+00   -1.8723E-05
  210   -2.8155E-01    9.2689E-01    0.0000E+00    0.0000E+00    0.0000E+00   -1.8546E-05
  211    6.4874E-01    6.9589E-01    0.0000E+00    0.0000E+00    0.0000E+00   -1.9863E-05
  212    6.0977E-01    7.2571E-01    0.0000E+00    0.0000E+00    0.0000E+00   -2.0591E-05
  213    5.6624E-01    7.5428E-01    0.0000E+00    0.0000E+00    0.0000E+00   -2.1517E-05
  214    5.1910E-01    7.8169E-01    0.0000E+00    0.0000E+00    0.0000E+00   -2.2413E-05
  215    4.6900E-01    8.0741E-01    0.0000E+00    0.0000E+00    0.0000E+00   -2.3235E-05
  216    4.1667E-01    8.3079E-01    0.0000E+00    0.0000E+00    0.0000E+00   -2.3978E-05
  217    3.6262E-01    8.5137E-01    0.0000E+00    0.0000E+00    0.0000E+00   -2.4646E-05
  218    3.0722E-01    8.6891E-01    0.0000E+00    0.0000E+00    0.0000E+00   -2.5248E-05
  219    2.5072E-01    8.8325E-01    0.0000E+00    0.0000E+00    0.0000E+00   -2.5785E-05
  220    1.9337E-01    8.9433E-01    0.0000E+00    0.0000E+00    0.0000E+00   -2.6258E-05
  221    1.3539E-01    9.0210E-01    0.0000E+00    0.0000E+00    0.0000E+00   -2.6664E-05
  222    7.6970E-02    9.0655E-01    0.0000E+00    0.0000E+00    0.0000E+00   -2.7002E-05
  223    1.8327E-02    9.0767E-01    0.0000E+00    0.0000E+00    0.0000E+00   -2.7267E-05
  224   -4.0350E-02    9.0552E-01    0.0000E+00    0.0000E+00    0.0000E+00   -2.7455E-05
  225   -9.8884E-02    9.0018E-01    0.0000E+00    0.0000E+00    0.0000E+00   -2.7553E-05
  226   -1.5709E-01    8.9180E-01    0.0000E+00    0.0000E+00    0.0000E+00   -2.7548E-05
  227   -2.1465E-01    8.8052E-01    0.0000E+00    0.0000E+00    0.0000E+00   -2.7428E-05
  228   -2.7073E-01    8.6691E-01    0.0000E+00    0.0000E+00    0.0000E+00   -2.7164E-05
  229    6.3545E-01    6.7520E-01    0.0000E+00    0.0000E+00    0.0000E+00   -2.3552E-05
  230    5.9988E-01    6.9576E-01    0.0000E+00    0.0000E+00    0.0000E+00   -2.4840E-05
  231    5.5790E-01    7.1840E-01    0.0000E+00    0.0000E+00    0.0000E+00   -2.6151E-05
  232    5.1186E-01    7.4162E-01    0.0000E+00    0.0000E+00    0.0000E+00   -2.7313E-05
  233    4.6212E-01    7.6425E-01    0.0000E+00    0.0000E+00    0.0000E+00   -2.8359E-05
  234    4.1018E-01    7.8495E-01    0.0000E+00    0.0000E+00    0.0000E+00   -2.9290E-05
  235    3.5668E-01    8.0308E-01    0.0000E+00    0.0000E+00    0.0000E+00   -3.0124E-05
  236    3.0201E-01    8.1830E-01    0.0000E+00    0.0000E+00    0.0000E+00   -3.0872E-05
  237    2.4642E-01    8.3050E-01    0.0000E+00    0.0000E+00    0.0000E+00   -3.1537E-05
  238    1.9013E-01    8.3964E-01    0.0000E+00    0.0000E+00    0.0000E+00   -3.2117E-05
  239    1.3333E-01    8.4571E-01    0.0000E+00    0.0000E+00    0.0000E+00   -3.2612E-05
  240    7.6221E-02    8.4870E-01    0.0000E+00    0.0000E+00    0.0000E+00   -3.3019E-05
  241    1.8975E-02    8.4867E-01    0.0000E+00    0.0000E+00    0.0000E+00   -3.3335E-05
  242   -3.8241E-02    8.4566E-01    0.0000E+00    0.0000E+00    0.0000E+00   -3.3554E-05
  243   -9.5270E-02    8.3983E-01    0.0000E+00    0.0000E+00    0.0000E+00   -3.3666E-05
  244   -1.5193E-01    8.3137E-01    0.0000E+00    0.0000E+00    0.0000E+00   -3.3657E-05
  245   -2.0790E-01    8.2057E-01    0.0000E+00    0.0000E+00    0.0000E+00   -3.3508E-05
  246   -2.6258E-01    8.0802E-01    0.0000E+00    0.0000E+00    0.0000E+00   -3.3198E-05
  247   -2.5567E-01    7.4923E-01    0.0000E+00    0.0000E+00    0.0000E+00   -3.7945E-05
  248   -2.4885E-01    6.8997E-01    0.0000E+00    0.0000E+00    0.0000E+00   -4.1882E-05
  249   -2.4206E-01    6.3048E-01    0.0000E+00    0.0000E+00    0.0000E+00   -4.5209E-05
  250   -2.3530E-01    5.7086E-01    0.0000E+00    0.0000E+00    0.0000E+00   -4.8050E-05
  251   -2.2858E-01    5.1108E-01    0.0000E+00    0.0000E+00    0.0000E+00   -5.0485E-05
  252   -2.2193E-01    4.5117E-01    0.0000E+00    0.0000E+00    0.0000E+00   -5.2569E-05
  253   -2.1531E-01    3.9115E-01    0.0000E+00    0.0000E+00    0.0000E+00   -5.4338E-05
  254   -2.0872E-01    3.3105E-01    0.0000E+00    0.0000E+00    0.0000E+00   -5.5822E-05
  255   -2.0218E-01    2.7090E-01    0.0000E+00    0.0000E+00    0.0000E+00   -5.7040E-05
  256   -1.9570E-01    2.1072E-01    0.0000E+00    0.0000E+00    0.0000E+00   -5.8009E-05
  257   -1.8937E-01    1.5051E-01    0.0000E+00    0.0000E+00    0.0000E+00   -5.8739E-05
  258   -1.8367E-01    9.0296E-02    0.0000E+00    0.0000E+00    0.0000E+00   -5.9233E-05
  259   -1.7927E-01    3.0080E-02    0.0000E+00    0.0000E+00    0.0000E+00   -5.9491E-05
  260   -2.0158E-01    7.6103E-01    0.0000E+00    0.0000E+00    0.0000E+00   -3.8297E-05
  261   -1.9473E-01    7.0102E-01    0.0000E+00    0.0000E+00    0.0000E+00   -4.2272E-05
  262   -1.8748E-01    6.4079E-01    0.0000E+00    0.0000E+00    0.0000E+00   -4.5636E-05
  263   -1.8001E-01    5.8034E-01    0.0000E+00    0.0000E+00    0.0000E+00   -4.8513E-05
  264   -1.7249E-01    5.1969E-01    0.0000E+00    0.0000E+00    0.0000E+00   -5.0978E-05
  265   -1.6506E-01    4.5886E-01    0.0000E+00    0.0000E+00    0.0000E+00   -5.3086E-05
  266   -1.5777E-01    3.9788E-01    0.0000E+00    0.0000E+00    0.0000E+00   -5.4874E-05
  267   -1.5068E-01    3.3680E-01    0.0000E+00    0.0000E+00    0.0000E+00   -5.6369E-05
  268   -1.4380E-01    2.7564E-01    0.0000E+00    0.0000E+00    0.0000E+00   -5.7594E-05
  269   -1.3714E-01    2.1441E-01    0.0000E+00    0.0000E+00    0.0000E+00   -5.8562E-05
  270   -1.3074E-01    1.5316E-01    0.0000E+00    0.0000E+00    0.0000E+00   -5.9287E-05
  271   -1.2527E-01    9.1882E-02    0.0000E+00    0.0000E+00    0.0000E+00   -5.9772E-05
  272   -1.2121E-01    3.0603E-02    0.0000E+00    0.0000E+00    0.0000E+00   -6.0020E-05
  273   -1.4639E-01    7.7145E-01    0.0000E+00    0.0000E+00    0.0000E+00   -3.8474E-05
  274   -1.3964E-01    7.1099E-01    0.0000E+00    0.0000E+00    0.0000E+00   -4.2479E-05
  275   -1.3208E-01    6.5022E-01    0.0000E+00    0.0000E+00    0.0000E+00   -4.5874E-05
  276   -1.2407E-01    5.8912E-01    0.0000E+00    0.0000E+00    0.0000E+00   -4.8778E-05
  277   -1.1594E-01    5.2772E-01    0.0000E+00    0.0000E+00    0.0000E+00   -5.1269E-05
  278   -1.0791E-01    4.6608E-01    0.0000E+00    0.0000E+00    0.0000E+00   -5.3397E-05
  279   -1.0013E-01    4.0424E-01    0.0000E+00    0.0000E+00    0.0000E+00   -5.5200E-05
  280   -9.2674E-02    3.4224E-01    0.0000E+00    0.0000E+00    0.0000E+00   -5.6706E-05
  281   -8.5589E-02    2.8012E-01    0.0000E+00    0.0000E+00    0.0000E+00   -5.7935E-05
  282   -7.8876E-02    2.1791E-01    0.0000E+00    0.0000E+00    0.0000E+00   -5.8905E-05
  283   -7.2556E-02    1.5566E-01    0.0000E+00    0.0000E+00    0.0000E+00   -5.9625E-05
  284   -6.7276E-02    9.3371E-02    0.0000E+00    0.0000E+00    0.0000E+00   -6.0103E-05
  285   -6.3448E-02    3.1079E-02    0.0000E+00    0.0000E+00    0.0000E+00   -6.0344E-05
  286   -9.0556E-02    7.7994E-01    0.0000E+00    0.0000E+00    0.0000E+00   -3.8497E-05
  287   -8.3945E-02    7.1930E-01    0.0000E+00    0.0000E+00    0.0000E+00   -4.2522E-05
  288   -7.6149E-02    6.5820E-01    0.0000E+00    0.0000E+00    0.0000E+00   -4.5937E-05
  289   -6.7699E-02    5.9665E-01    0.0000E+00    0.0000E+00    0.0000E+00   -4.8862E-05
  290   -5.9049E-02    5.3468E-01    0.0000E+00    0.0000E+00    0.0000E+00   -5.1370E-05
  291   -5.0526E-02    4.7238E-01    0.0000E+00    0.0000E+00    0.0000E+00   -5.3513E-05
  292   -4.2338E-02    4.0981E-01    0.0000E+00    0.0000E+00    0.0000E+00   -5.5328E-05
  293   -3.4608E-02    3.4702E-01    0.0000E+00    0.0000E+00    0.0000E+00   -5.6842E-05
  294   -2.7393E-02    2.8407E-01    0.0000E+00    0.0000E+00    0.0000E+00   -5.8076E-05
  295   -2.0696E-02    2.2100E-01    0.0000E+00    0.0000E+00    0.0000E+00   -5.9045E-05
  296   -1.4522E-02    1.5786E-01    0.0000E+00    0.0000E+00    0.0000E+00   -5.9762E-05
  297   -9.5049E-03    9.4682E-02    0.0000E+00    0.0000E+00    0.0000E+00   -6.0234E-05
  298   -6.0056E-03    3.1486E-02    0.0000E+00    0.0000E+00    0.0000E+00   -6.0469E-05
  299   -3.4339E-02    7.8613E-01    0.0000E+00    0.0000E+00    0.0000E+00   -3.8384E-05
  300   -2.7871E-02    7.2557E-01    0.0000E+00    0.0000E+00    0.0000E+00   -4.2416E-05
  301   -1.9874E-02    6.6438E-01    0.0000E+00    0.0000E+00    0.0000E+00   -4.5841E-05
  302   -1.1028E-02    6.0257E-01    0.0000E+00    0.0000E+00    0.0000E+00   -4.8775E-05
  303   -1.9124E-03    5.4023E-01    0.0000E+00    0.0000E+00    0.0000E+00   -5.1293E-05
  304    7.0516E-03    4.7744E-01    0.0000E+00    0.0000E+00    0.0000E+00   -5.3444E-05
  305    1.5592E-02    4.1431E-01    0.0000E+00    0.0000E+00    0.0000E+00   -5.5265E-05
  306    2.3551E-02    3.5091E-01    0.0000E+00    0.0000E+00    0.0000E+00   -5.6783E-05
  307    3.0852E-02    2.8730E-01    0.0000E+00    0.0000E+00    0.0000E+00   -5.8019E-05
  308    3.7490E-02    2.2353E-01    0.0000E+00    0.0000E+00    0.0000E+00   -5.8987E-05
  309    4.3454E-02    1.5967E-01    0.0000E+00    0.0000E+00    0.0000E+00   -5.9700E-05
  310    4.8129E-02    9.5755E-02    0.0000E+00    0.0000E+00    0.0000E+00   -6.0169E-05
  311    5.1238E-02    3.1810E-02    0.0000E+00    0.0000E+00    0.0000E+00   -6.0399E-05
  312    2.2101E-02    7.8978E-01    0.0000E+00    0.0000E+00    0.0000E+00   -3.8148E-05
  313    2.8429E-02    7.2956E-01    0.0000E+00    0.0000E+00    0.0000E+00   -4.2173E-05
  314    3.6618E-02    6.6850E-01    0.0000E+00    0.0000E+00    0.0000E+00   -4.5593E-05
  315    4.5839E-02    6.0666E-01    0.0000E+00    0.0000E+00    0.0000E+00   -4.8526E-05
  316    5.5392E-02    5.4414E-01    0.0000E+00    0.0000E+00    0.0000E+00   -5.1042E-05
  317    6.4767E-02    4.8109E-01    0.0000E+00    0.0000E+00    0.0000E+00   -5.3193E-05
  318    7.3632E-02    4.1760E-01    0.0000E+00    0.0000E+00    0.0000E+00   -5.5014E-05
  319    8.1791E-02    3.5377E-01    0.0000E+00    0.0000E+00    0.0000E+00   -5.6531E-05
  320    8.9151E-02    2.8968E-01    0.0000E+00    0.0000E+00    0.0000E+00   -5.7766E-05
  321    9.5705E-02    2.2541E-01    0.0000E+00    0.0000E+00    0.0000E+00   -5.8732E-05
  322    1.0142E-01    1.6102E-01    0.0000E+00    0.0000E+00    0.0000E+00   -5.9442E-05
  323    1.0577E-01    9.6553E-02    0.0000E+00    0.0000E+00    0.0000E+00   -5.9907E-05
  324    1.0859E-01    3.2051E-02    0.0000E+00    0.0000E+00    0.0000E+00   -6.0134E-05
  325    7.8616E-02    7.9073E-01    0.0000E+00    0.0000E+00    0.0000E+00   -3.7798E-05
  326    8.4824E-02    7.3111E-01    0.0000E+00    0.0000E+00    0.0000E+00   -4.1798E-05
  327    9.3209E-02    6.7042E-01    0.0000E+00    0.0000E+00    0.0000E+00   -4.5199E-05
  328    1.0280E-01    6.0877E-01    0.0000E+00    0.0000E+00    0.0000E+00   -4.8116E-05
  329    1.1278E-01    5.4630E-01    0.0000E+00    0.0000E+00    0.0000E+00   -5.0621E-05
  330    1.2255E-01    4.8318E-01    0.0000E+00    0.0000E+00    0.0000E+00   -5.2762E-05
  331    1.3173E-01    4.1954E-01    0.0000E+00    0.0000E+00    0.0000E+00   -5.4575E-05
  332    1.4008E-01    3.5550E-01    0.0000E+00    0.0000E+00    0.0000E+00   -5.6086E-05
  333    1.4748E-01    2.9115E-01    0.0000E+00    0.0000E+00    0.0000E+00   -5.7315E-05
  334    1.5394E-01    2.2658E-01    0.0000E+00    0.0000E+00    0.0000E+00   -5.8277E-05
  335    1.5941E-01    1.6187E-01    0.0000E+00    0.0000E+00    0.0000E+00   -5.8984E-05
  336    1.6348E-01    9.7053E-02    0.0000E+00    0.0000E+00    0.0000E+00   -5.9446E-05
  337    1.6610E-01    3.2200E-02    0.0000E+00    0.0000E+00    0.0000E+00   -5.9670E-05
  338    1.3506E-01    7.8891E-01    0.0000E+00    0.0000E+00    0.0000E+00   -3.7339E-05
  339    1.4118E-01    7.3012E-01    0.0000E+00    0.0000E+00    0.0000E+00   -4.1295E-05
  340    1.4978E-01    6.7005E-01    0.0000E+00    0.0000E+00    0.0000E+00   -4.4661E-05
  341    1.5975E-01    6.0881E-01    0.0000E+00    0.0000E+00    0.0000E+00   -4.7548E-05
  342    1.7016E-01    5.4662E-01    0.0000E+00    0.0000E+00    0.0000E+00   -5.0027E-05
  343    1.8034E-01    4.8365E-01    0.0000E+00    0.0000E+00    0.0000E+00   -5.2148E-05
  344    1.8982E-01    4.2008E-01    0.0000E+00    0.0000E+00    0.0000E+00   -5.3945E-05
  345    1.9835E-01    3.5604E-01    0.0000E+00    0.0000E+00    0.0000E+00   -5.5444E-05
  346    2.0580E-01    2.9165E-01    0.0000E+00    0.0000E+00    0.0000E+00   -5.6665E-05
  347    2.1216E-01    2.2700E-01    0.0000E+00    0.0000E+00    0.0000E+00   -5.7620E-05
  348    2.1742E-01    1.6217E-01    0.0000E+00    0.0000E+00    0.0000E+00   -5.8321E-05
  349    2.2124E-01    9.7235E-02    0.0000E+00    0.0000E+00    0.0000E+00   -5.8780E-05
  350    2.2370E-01    3.2249E-02    0.0000E+00    0.0000E+00    0.0000E+00   -5.9001E-05
  351    1.9126E-01    7.8426E-01    0.0000E+00    0.0000E+00    0.0000E+00   -3.6772E-05
  352    1.9734E-01    7.2655E-01    0.0000E+00    0.0000E+00    0.0000E+00   -4.0667E-05
  353    2.0619E-01    6.6731E-01    0.0000E+00    0.0000E+00    0.0000E+00   -4.3978E-05
  354    2.1657E-01    6.0672E-01    0.0000E+00    0.0000E+00    0.0000E+00   -4.6819E-05
  355    2.2744E-01    5.4503E-01    0.0000E+00    0.0000E+00    0.0000E+00   -4.9260E-05
  356    2.3802E-01    4.8245E-01    0.0000E+00    0.0000E+00    0.0000E+00   -5.1349E-05
  357    2.4783E-01    4.1917E-01    0.0000E+00    0.0000E+00    0.0000E+00   -5.3122E-05
  358    2.5656E-01    3.5536E-01    0.0000E+00    0.0000E+00    0.0000E+00   -5.4602E-05
  359    2.6407E-01    2.9114E-01    0.0000E+00    0.0000E+00    0.0000E+00   -5.5808E-05
  360    2.7034E-01    2.2663E-01    0.0000E+00    0.0000E+00    0.0000E+00   -5.6754E-05
  361    2.7540E-01    1.6193E-01    0.0000E+00    0.0000E+00    0.0000E+00   -5.7449E-05
  362    2.7900E-01    9.7086E-02    0.0000E+00    0.0000E+00    0.0000E+00   -5.7903E-05
  363    2.8133E-01    3.2190E-02    0.0000E+00    0.0000E+00    0.0000E+00   -5.8121E-05
  364    2.4706E-01    7.7676E-01    0.0000E+00    0.0000E+00    0.0000E+00   -3.6100E-05
  365    2.5317E-01    7.2034E-01    0.0000E+00    0.0000E+00    0.0000E+00   -3.9912E-05
  366    2.6231E-01    6.6216E-01    0.0000E+00    0.0000E+00    0.0000E+00   -4.3151E-05
  367    2.7314E-01    6.0246E-01    0.0000E+00    0.0000E+00    0.0000E+00   -4.5929E-05
  368    2.8448E-01    5.4149E-01    0.0000E+00    0.0000E+00    0.0000E+00   -4.8316E-05
  369    2.9552E-01    4.7952E-01    0.0000E+00    0.0000E+00    0.0000E+00   -5.0362E-05
  370    3.0567E-01    4.1677E-01    0.0000E+00    0.0000E+00    0.0000E+00   -5.2099E-05
  371    3.1463E-01    3.5342E-01    0.0000E+00    0.0000E+00    0.0000E+00   -5.3552E-05
  372    3.2221E-01    2.8961E-01    0.0000E+00    0.0000E+00    0.0000E+00   -5.4739E-05
  373    3.2843E-01    2.2547E-01    0.0000E+00    0.0000E+00    0.0000E+00   -5.5671E-05
  374    3.3331E-01    1.6111E-01    0.0000E+00    0.0000E+00    0.0000E+00   -5.6357E-05
  375    3.3674E-01    9.6595E-02    0.0000E+00    0.0000E+00    0.0000E+00   -5.6807E-05
  376    3.3895E-01    3.2019E-02    0.0000E+00    0.0000E+00    0.0000E+00   -5.7021E-05
  377    3.0228E-01    7.6638E-01    0.0000E+00    0.0000E+00    0.0000E+00   -3.5324E-05
  378    3.0848E-01    7.1147E-01    0.0000E+00    0.0000E+00    0.0000E+00   -3.9032E-05
  379    3.1799E-01    6.5458E-01    0.0000E+00    0.0000E+00    0.0000E+00   -4.2178E-05
  380    3.2931E-01    5.9597E-01    0.0000E+00    0.0000E+00    0.0000E+00   -4.4874E-05
  381    3.4119E-01    5.3597E-01    0.0000E+00    0.0000E+00    0.0000E+00   -4.7191E-05
  382    3.5271E-01    4.7484E-01    0.0000E+00    0.0000E+00    0.0000E+00   -4.9178E-05
  383    3.6326E-01    4.1285E-01    0.0000E+00    0.0000E+00    0.0000E+00   -5.0869E-05
  384    3.7247E-01    3.5019E-01    0.0000E+00    0.0000E+00    0.0000E+00   -5.2286E-05
  385    3.8018E-01    2.8702E-01    0.0000E+00    0.0000E+00    0.0000E+00   -5.3446E-05
  386    3.8638E-01    2.2349E-01    0.0000E+00    0.0000E+00    0.0000E+00   -5.4361E-05
  387    3.9113E-01    1.5971E-01    0.0000E+00    0.0000E+00    0.0000E+00   -5.5036E-05
  388    3.9441E-01    9.5756E-02    0.0000E+00    0.0000E+00    0.0000E+00   -5.5479E-05
  389    3.9653E-01    3.1731E-02    0.0000E+00    0.0000E+00    0.0000E+00   -5.5688E-05
  390    3.5672E-01    7.5315E-01    0.0000E+00    0.0000E+00    0.0000E+00   -3.4443E-05
  391    3.6311E-01    6.9994E-01    0.0000E+00    0.0000E+00    0.0000E+00   -3.8025E-05
  392    3.7306E-01    6.4456E-01    0.0000E+00    0.0000E+00    0.0000E+00   -4.1055E-05
  393    3.8494E-01    5.8728E-01    0.0000E+00    0.0000E+00    0.0000E+00   -4.3648E-05
  394    3.9741E-01    5.2847E-01    0.0000E+00    0.0000E+00    0.0000E+00   -4.5878E-05
  395    4.0948E-01    4.6842E-01    0.0000E+00    0.0000E+00    0.0000E+00   -4.7791E-05
  396    4.2047E-01    4.0742E-01    0.0000E+00    0.0000E+00    0.0000E+00   -4.9422E-05
  397    4.3001E-01    3.4569E-01    0.0000E+00    0.0000E+00    0.0000E+00   -5.0792E-05
  398    4.3789E-01    2.8339E-01    0.0000E+00    0.0000E+00    0.0000E+00   -5.1919E-05
  399    4.4413E-01    2.2070E-01    0.0000E+00    0.0000E+00    0.0000E+00   -5.2810E-05
  400    4.4881E-01    1.5773E-01    0.0000E+00    0.0000E+00    0.0000E+00   -5.3470E-05
  401    4.5198E-01    9.4574E-02    0.0000E+00    0.0000E+00    0.0000E+00   -5.3904E-05
  402    4.5405E-01    3.1328E-02    0.0000E+00    0.0000E+00    0.0000E+00   -5.4107E-05
  403    4.1015E-01    7.3717E-01    0.0000E+00    0.0000E+00    0.0000E+00   -3.3453E-05
  404    4.1683E-01    6.8589E-01    0.0000E+00    0.0000E+00    0.0000E+00   -3.6883E-05
  405    4.2729E-01    6.3225E-01    0.0000E+00    0.0000E+00    0.0000E+00   -3.9774E-05
  406    4.3982E-01    5.7653E-01    0.0000E+00    0.0000E+00    0.0000E+00   -4.2243E-05
  407    4.5297E-01    5.1913E-01    0.0000E+00    0.0000E+00    0.0000E+00   -4.4364E-05
  408    4.6565E-01    4.6039E-01    0.0000E+00    0.0000E+00    0.0000E+00   -4.6187E-05
  409    4.7718E-01    4.0060E-01    0.0000E+00    0.0000E+00    0.0000E+00   -4.7743E-05
  410    4.8711E-01    3.4001E-01    0.0000E+00    0.0000E+00    0.0000E+00   -4.9056E-05
  411    4.9525E-01    2.7881E-01    0.0000E+00    0.0000E+00    0.0000E+00   -5.0139E-05
  412    5.0159E-01    2.1718E-01    0.0000E+00    0.0000E+00    0.0000E+00   -5.1000E-05
  413    5.0627E-01    1.5524E-01    0.0000E+00    0.0000E+00    0.0000E+00   -5.1640E-05
  414    5.0942E-01    9.3087E-02    0.0000E+00    0.0000E+00    0.0000E+00   -5.2062E-05
  415    5.1147E-01    3.0826E-02    0.0000E+00    0.0000E+00    0.0000E+00   -5.2258E-05
  416    4.6217E-01    7.1882E-01    0.0000E+00    0.0000E+00    0.0000E+00   -3.2339E-05
  417    4.6924E-01    6.6978E-01    0.0000E+00    0.0000E+00    0.0000E+00   -3.5590E-05
  418    4.8033E-01    6.1813E-01    0.0000E+00    0.0000E+00    0.0000E+00   -3.8316E-05
  419    4.9363E-01    5.6421E-01    0.0000E+00    0.0000E+00    0.0000E+00   -4.0637E-05
  420    5.0756E-01    5.0842E-01    0.0000E+00    0.0000E+00    0.0000E+00   -4.2630E-05
  421    5.2099E-01    4.5117E-01    0.0000E+00    0.0000E+00    0.0000E+00   -4.4343E-05
  422    5.3315E-01    3.9277E-01    0.0000E+00    0.0000E+00    0.0000E+00   -4.5811E-05
  423    5.4359E-01    3.3349E-01    0.0000E+00    0.0000E+00    0.0000E+00   -4.7053E-05
  424    5.5209E-01    2.7355E-01    0.0000E+00    0.0000E+00    0.0000E+00   -4.8083E-05
  425    5.5866E-01    2.1314E-01    0.0000E+00    0.0000E+00    0.0000E+00   -4.8906E-05
  426    5.6345E-01    1.5239E-01    0.0000E+00    0.0000E+00    0.0000E+00   -4.9522E-05
  427    5.6666E-01    9.1403E-02    0.0000E+00    0.0000E+00    0.0000E+00   -4.9928E-05
  428    5.6876E-01    3.0269E-02    0.0000E+00    0.0000E+00    0.0000E+00   -5.0112E-05
  429    5.1211E-01    6.9899E-01    0.0000E+00    0.0000E+00    0.0000E+00   -3.1074E-05
  430    5.1968E-01    6.5262E-01    0.0000E+00    0.0000E+00    0.0000E+00   -3.4111E-05
  431    5.3160E-01    6.0328E-01    0.0000E+00    0.0000E+00    0.0000E+00   -3.6644E-05
  432    5.4585E-01    5.5134E-01    0.0000E+00    0.0000E+00    0.0000E+00   -3.8794E-05
  433    5.6076E-01    4.9729E-01    0.0000E+00    0.0000E+00    0.0000E+00   -4.0638E-05
  434    5.7511E-01    4.4161E-01    0.0000E+00    0.0000E+00    0.0000E+00   -4.2226E-05
  435    5.8808E-01    3.8467E-01    0.0000E+00    0.0000E+00    0.0000E+00   -4.3590E-05
  436    5.9919E-01    3.2677E-01    0.0000E+00    0.0000E+00    0.0000E+00   -4.4750E-05
  437    6.0822E-01    2.6815E-01    0.0000E+00    0.0000E+00    0.0000E+00   -4.5718E-05
  438    6.1518E-01    2.0900E-01    0.0000E+00    0.0000E+00    0.0000E+00   -4.6496E-05
  439    6.2025E-01    1.4949E-01    0.0000E+00    0.0000E+00    0.0000E+00   -4.7080E-05
  440    6.2364E-01    8.9703E-02    0.0000E+00    0.0000E+00    0.0000E+00   -4.7465E-05
  441    6.2589E-01    2.9733E-02    0.0000E+00    0.0000E+00    0.0000E+00   -4.7635E-05
  442    5.5831E-01    6.7949E-01    0.0000E+00    0.0000E+00    0.0000E+00   -2.9622E-05
  443    5.6708E-01    6.3624E-01    0.0000E+00    0.0000E+00    0.0000E+00   -3.2397E-05
  444    5.8026E-01    5.8942E-01    0.0000E+00    0.0000E+00    0.0000E+00   -3.4703E-05
  445    5.9585E-01    5.3951E-01    0.0000E+00    0.0000E+00    0.0000E+00   -3.6656E-05
  446    6.1207E-01    4.8716E-01    0.0000E+00    0.0000E+00    0.0000E+00   -3.8334E-05
  447    6.2762E-01    4.3297E-01    0.0000E+00    0.0000E+00    0.0000E+00   -3.9783E-05
  448    6.4165E-01    3.7738E-01    0.0000E+00    0.0000E+00    0.0000E+00   -4.1031E-05
  449    6.5368E-01    3.2075E-01    0.0000E+00    0.0000E+00    0.0000E+00   -4.2099E-05
  450    6.6347E-01    2.6333E-01    0.0000E+00    0.0000E+00    0.0000E+00   -4.2995E-05
  451    6.7104E-01    2.0534E-01    0.0000E+00    0.0000E+00    0.0000E+00   -4.3719E-05
  452    6.7659E-01    1.4693E-01    0.0000E+00    0.0000E+00    0.0000E+00   -4.4263E-05
  453    6.8035E-01    8.8221E-02    0.0000E+00    0.0000E+00    0.0000E+00   -4.4622E-05
  454    6.8283E-01    2.9302E-02    0.0000E+00    0.0000E+00    0.0000E+00   -4.4773E-05
  455    6.0029E-01    6.6231E-01    0.0000E+00    0.0000E+00    0.0000E+00   -2.7953E-05
  456    6.1052E-01    6.2290E-01    0.0000E+00    0.0000E+00    0.0000E+00   -3.0381E-05
  457    6.2560E-01    5.7861E-01    0.0000E+00    0.0000E+00    0.0000E+00   -3.2407E-05
  458    6.4320E-01    5.3043E-01    0.0000E+00    0.0000E+00    0.0000E+00   -3.4139E-05
  459    6.6121E-01    4.7950E-01    0.0000E+00    0.0000E+00    0.0000E+00   -3.5637E-05
  460    6.7831E-01    4.2656E-01    0.0000E+00    0.0000E+00    0.0000E+00   -3.6935E-05
  461    6.9385E-01    3.7197E-01    0.0000E+00    0.0000E+00    0.0000E+00   -3.8052E-05
  462    7.0720E-01    3.1623E-01    0.0000E+00    0.0000E+00    0.0000E+00   -3.9014E-05
  463    7.1795E-01    2.5977E-01    0.0000E+00    0.0000E+00    0.0000E+00   -3.9833E-05
  464    7.2629E-01    2.0270E-01    0.0000E+00    0.0000E+00    0.0000E+00   -4.0497E-05
  465    7.3253E-01    1.4510E-01    0.0000E+00    0.0000E+00    0.0000E+00   -4.0995E-05
  466    7.3677E-01    8.7166E-02    0.0000E+00    0.0000E+00    0.0000E+00   -4.1321E-05
  467    7.3957E-01    2.9017E-02    0.0000E+00    0.0000E+00    0.0000E+00   -4.1449E-05
  468    6.3567E-01    6.5030E-01    0.0000E+00    0.0000E+00    0.0000E+00   -2.6009E-05
  469    6.4900E-01    6.1484E-01    0.0000E+00    0.0000E+00    0.0000E+00   -2.7934E-05
  470    6.6747E-01    5.7232E-01    0.0000E+00    0.0000E+00    0.0000E+00   -2.9637E-05
  471    6.8843E-01    5.2492E-01    0.0000E+00    0.0000E+00    0.0000E+00   -3.1117E-05
  472    7.0901E-01    4.7485E-01    0.0000E+00    0.0000E+00    0.0000E+00   -3.2415E-05
  473    7.2807E-01    4.2285E-01    0.0000E+00    0.0000E+00    0.0000E+00   -3.3542E-05
  474    7.4590E-01    3.6856E-01    0.0000E+00    0.0000E+00    0.0000E+00   -3.4501E-05
  475    7.6114E-01    3.1318E-01    0.0000E+00    0.0000E+00    0.0000E+00   -3.5334E-05
  476    7.7274E-01    2.5756E-01    0.0000E+00    0.0000E+00    0.0000E+00   -3.6077E-05
  477    7.8171E-01    2.0122E-01    0.0000E+00    0.0000E+00    0.0000E+00   -3.6684E-05
  478    7.8877E-01    1.4404E-01    0.0000E+00    0.0000E+00    0.0000E+00   -3.7128E-05
  479    7.9357E-01    8.6513E-02    0.0000E+00    0.0000E+00    0.0000E+00   -3.7415E-05
  480    7.9648E-01    2.8797E-02    0.0000E+00    0.0000E+00    0.0000E+00   -3.7526E-05
  481    8.5330E-01    2.8808E-02    0.0000E+00    0.0000E+00    0.0000E+00   -3.2790E-05
  482    9.1028E-01    2.9323E-02    0.0000E+00    0.0000E+00    0.0000E+00   -2.6814E-05
  483    9.6904E-01    3.0352E-02    0.0000E+00    0.0000E+00    0.0000E+00   -1.8309E-05
  484    8.5030E-01    8.6709E-02    0.0000E+00    0.0000E+00    0.0000E+00   -3.2691E-05
  485    9.0694E-01    8.8318E-02    0.0000E+00    0.0000E+00    0.0000E+00   -2.6736E-05
  486    9.6534E-01    9.1239E-02    0.0000E+00    0.0000E+00    0.0000E+00   -1.8260E-05
  487    8.4482E-01    1.4443E-01    0.0000E+00    0.0000E+00    0.0000E+00   -3.2445E-05
  488    9.0063E-01    1.4713E-01    0.0000E+00    0.0000E+00    0.0000E+00   -2.6541E-05
  489    9.5810E-01    1.5195E-01    0.0000E+00    0.0000E+00    0.0000E+00   -1.8128E-05
  490    8.3674E-01    2.0179E-01    0.0000E+00    0.0000E+00    0.0000E+00   -3.2062E-05
  491    8.9128E-01    2.0551E-01    0.0000E+00    0.0000E+00    0.0000E+00   -2.6233E-05
  492    9.4730E-01    2.1214E-01    0.0000E+00    0.0000E+00    0.0000E+00   -1.7919E-05
  493    8.2644E-01    2.5825E-01    0.0000E+00    0.0000E+00    0.0000E+00   -3.1523E-05
  494    8.7895E-01    2.6316E-01    0.0000E+00    0.0000E+00    0.0000E+00   -2.5813E-05
  495    9.3298E-01    2.7151E-01    0.0000E+00    0.0000E+00    0.0000E+00   -1.7636E-05
  496    8.1333E-01    3.1388E-01    0.0000E+00    0.0000E+00    0.0000E+00   -3.0882E-05
  497    8.6350E-01    3.1988E-01    0.0000E+00    0.0000E+00    0.0000E+00   -2.5305E-05
  498    9.1516E-01    3.2980E-01    0.0000E+00    0.0000E+00    0.0000E+00   -1.7294E-05
  499    7.9631E-01    3.6920E-01    0.0000E+00    0.0000E+00    0.0000E+00   -3.0194E-05
  500    8.4465E-01    3.7565E-01    0.0000E+00    0.0000E+00    0.0000E+00   -2.4741E-05
  501    8.9386E-01    3.8680E-01    0.0000E+00    0.0000E+00    0.0000E+00   -1.6906E-05
  502    7.7629E-01    4.2344E-01    0.0000E+00    0.0000E+00    0.0000E+00   -2.9400E-05
  503    8.2266E-01    4.3014E-01    0.0000E+00    0.0000E+00    0.0000E+00   -2.4100E-05
  504    8.6922E-01    4.4225E-01    0.0000E+00    0.0000E+00    0.0000E+00   -1.6469E-05
  505    7.5466E-01    4.7536E-01    0.0000E+00    0.0000E+00    0.0000E+00   -2.8456E-05
  506    7.9805E-01    4.8276E-01    0.0000E+00    0.0000E+00    0.0000E+00   -2.3357E-05
  507    8.4149E-01    4.9582E-01    0.0000E+00    0.0000E+00    0.0000E+00   -1.5969E-05
  508    7.3099E-01    5.2527E-01    0.0000E+00    0.0000E+00    0.0000E+00   -2.7394E-05
  509    7.7111E-01    5.3316E-01    0.0000E+00    0.0000E+00    0.0000E+00   -2.2520E-05
  510    8.1099E-01    5.4710E-01    0.0000E+00    0.0000E+00    0.0000E+00   -1.5408E-05
  511    7.0610E-01    5.7255E-01    0.0000E+00    0.0000E+00    0.0000E+00   -2.6188E-05
  512    7.4242E-01    5.8076E-01    0.0000E+00    0.0000E+00    0.0000E+00   -2.1590E-05
  513    7.7815E-01    5.9563E-01    0.0000E+00    0.0000E+00    0.0000E+00   -1.4796E-05
  514    6.8232E-01    6.1502E-01    0.0000E+00    0.0000E+00    0.0000E+00   -2.4840E-05
  515    7.1286E-01    6.2448E-01    0.0000E+00    0.0000E+00    0.0000E+00   -2.0616E-05
  516    7.4347E-01    6.4086E-01    0.0000E+00    0.0000E+00    0.0000E+00   -1.4186E-05
  517    6.6086E-01    6.5031E-01    0.0000E+00    0.0000E+00    0.0000E+00   -2.3536E-05
  518    6.8242E-01    6.6292E-01    0.0000E+00    0.0000E+00    0.0000E+00   -1.9860E-05
  519    7.0718E-01    6.8222E-01    0.0000E+00    0.0000E+00    0.0000E+00   -1.3771E-05
  520   -7.2114E-01   -6.6274E-01    0.0000E+00    0.0000E+00    0.0000E+00   -1.5055E-05
  521   -6.8162E-01   -7.0234E-01    0.0000E+00    0.0000E+00    0.0000E+00   -1.5315E-05
  522   -6.3933E-01   -7.3954E-01    0.0000E+00    0.0000E+00    0.0000E+00   -1.5722E-05
  523   -5.9443E-01   -7.7438E-01    0.0000E+00    0.0000E+00    0.0000E+00   -1.6192E-05
  524   -5.4720E-01   -8.0671E-01    0.0000E+00    0.0000E+00    0.0000E+00   -1.6676E-05
  525   -4.9789E-01   -8.3635E-01    0.0000E+00    0.0000E+00    0.0000E+00   -1.7146E-05
  526   -4.4675E-01   -8.6318E-01    0.0000E+00    0.0000E+00    0.0000E+00   -1.7581E-05
  527   -3.9398E-01   -8.8713E-01    0.0000E+00    0.0000E+00    0.0000E+00   -1.7966E-05
  528   -3.3910E-01   -9.0843E-01    0.0000E+00    0.0000E+00    0.0000E+00   -1.8275E-05
  529   -6.9616E-01   -6.3336E-01    0.0000E+00    0.0000E+00    0.0000E+00   -2.1910E-05
  530   -6.5883E-01   -6.6880E-01    0.0000E+00    0.0000E+00    0.0000E+00   -2.2345E-05
  531   -6.1799E-01   -7.0187E-01    0.0000E+00    0.0000E+00    0.0000E+00   -2.2992E-05
  532   -5.7423E-01   -7.3274E-01    0.0000E+00    0.0000E+00    0.0000E+00   -2.3714E-05
  533   -5.2811E-01   -7.6125E-01    0.0000E+00    0.0000E+00    0.0000E+00   -2.4441E-05
  534   -4.8006E-01   -7.8724E-01    0.0000E+00    0.0000E+00    0.0000E+00   -2.5137E-05
  535   -4.3044E-01   -8.1065E-01    0.0000E+00    0.0000E+00    0.0000E+00   -2.5776E-05
  536   -3.7940E-01   -8.3152E-01    0.0000E+00    0.0000E+00    0.0000E+00   -2.6341E-05
  537   -3.2637E-01   -8.5044E-01    0.0000E+00    0.0000E+00    0.0000E+00   -2.6792E-05
  538   -6.7583E-01   -6.0579E-01    0.0000E+00    0.0000E+00    0.0000E+00   -2.6419E-05
  539   -6.4143E-01   -6.3536E-01    0.0000E+00    0.0000E+00    0.0000E+00   -2.7073E-05
  540   -6.0223E-01   -6.6340E-01    0.0000E+00    0.0000E+00    0.0000E+00   -2.7972E-05
  541   -5.5946E-01   -6.9005E-01    0.0000E+00    0.0000E+00    0.0000E+00   -2.8925E-05
  542   -5.1412E-01   -7.1488E-01    0.0000E+00    0.0000E+00    0.0000E+00   -2.9852E-05
  543   -4.6693E-01   -7.3753E-01    0.0000E+00    0.0000E+00    0.0000E+00   -3.0723E-05
  544   -4.1828E-01   -7.5790E-01    0.0000E+00    0.0000E+00    0.0000E+00   -3.1515E-05
  545   -3.6827E-01   -7.7612E-01    0.0000E+00    0.0000E+00    0.0000E+00   -3.2213E-05
  546   -3.1667E-01   -7.9285E-01    0.0000E+00    0.0000E+00    0.0000E+00   -3.2771E-05
  547   -6.6141E-01   -5.8120E-01    0.0000E+00    0.0000E+00    0.0000E+00   -2.9504E-05
  548   -6.3022E-01   -6.0182E-01    0.0000E+00    0.0000E+00    0.0000E+00   -3.0532E-05
  549   -5.9197E-01   -6.2406E-01    0.0000E+00    0.0000E+00    0.0000E+00   -3.1739E-05
  550   -5.4934E-01   -6.4665E-01    0.0000E+00    0.0000E+00    0.0000E+00   -3.2923E-05
  551   -5.0403E-01   -6.6820E-01    0.0000E+00    0.0000E+00    0.0000E+00   -3.4031E-05
  552   -4.5700E-01   -6.8789E-01    0.0000E+00    0.0000E+00    0.0000E+00   -3.5052E-05
  553   -4.0869E-01   -7.0549E-01    0.0000E+00    0.0000E+00    0.0000E+00   -3.5974E-05
  554   -3.5922E-01   -7.2119E-01    0.0000E+00    0.0000E+00    0.0000E+00   -3.6784E-05
  555   -3.0848E-01   -7.3557E-01    0.0000E+00    0.0000E+00    0.0000E+00   -3.7448E-05
  556   -3.0138E-01   -6.7805E-01    0.0000E+00    0.0000E+00    0.0000E+00   -4.1310E-05
  557   -2.9522E-01   -6.1992E-01    0.0000E+00    0.0000E+00    0.0000E+00   -4.4576E-05
  558   -2.8951E-01   -5.6146E-01    0.0000E+00    0.0000E+00    0.0000E+00   -4.7368E-05
  559   -2.8395E-01   -5.0274E-01    0.0000E+00    0.0000E+00    0.0000E+00   -4.9765E-05
  560   -2.7837E-01   -4.4385E-01    0.0000E+00    0.0000E+00    0.0000E+00   -5.1820E-05
  561   -2.7270E-01   -3.8483E-01    0.0000E+00    0.0000E+00    0.0000E+00   -5.3571E-05
  562   -2.6688E-01   -3.2572E-01    0.0000E+00    0.0000E+00    0.0000E+00   -5.5043E-05
  563   -2.6091E-01   -2.6656E-01    0.0000E+00    0.0000E+00    0.0000E+00   -5.6257E-05
  564   -2.5477E-01   -2.0736E-01    0.0000E+00    0.0000E+00    0.0000E+00   -5.7229E-05
  565   -2.4859E-01   -1.4813E-01    0.0000E+00    0.0000E+00    0.0000E+00   -5.7967E-05
  566   -2.4316E-01   -8.8896E-02    0.0000E+00    0.0000E+00    0.0000E+00   -5.8471E-05
  567   -2.3920E-01   -2.9647E-02    0.0000E+00    0.0000E+00    0.0000E+00   -5.8736E-05
  568   -3.5211E-01   -6.6580E-01    0.0000E+00    0.0000E+00    0.0000E+00   -4.0555E-05
  569   -3.4682E-01   -6.0919E-01    0.0000E+00    0.0000E+00    0.0000E+00   -4.3750E-05
  570   -3.4239E-01   -5.5204E-01    0.0000E+00    0.0000E+00    0.0000E+00   -4.6483E-05
  571   -3.3829E-01   -4.9449E-01    0.0000E+00    0.0000E+00    0.0000E+00   -4.8832E-05
  572   -3.3415E-01   -4.3667E-01    0.0000E+00    0.0000E+00    0.0000E+00   -5.0850E-05
  573   -3.2976E-01   -3.7865E-01    0.0000E+00    0.0000E+00    0.0000E+00   -5.2574E-05
  574   -3.2503E-01   -3.2052E-01    0.0000E+00    0.0000E+00    0.0000E+00   -5.4030E-05
  575   -3.1992E-01   -2.6230E-01    0.0000E+00    0.0000E+00    0.0000E+00   -5.5237E-05
  576   -3.1442E-01   -2.0403E-01    0.0000E+00    0.0000E+00    0.0000E+00   -5.6209E-05
  577   -3.0869E-01   -1.4574E-01    0.0000E+00    0.0000E+00    0.0000E+00   -5.6954E-05
  578   -3.0364E-01   -8.7438E-02    0.0000E+00    0.0000E+00    0.0000E+00   -5.7464E-05
  579   -3.0007E-01   -2.9137E-02    0.0000E+00    0.0000E+00    0.0000E+00   -5.7734E-05
  580   -4.0180E-01   -6.5232E-01    0.0000E+00    0.0000E+00    0.0000E+00   -3.9646E-05
  581   -3.9755E-01   -5.9746E-01    0.0000E+00    0.0000E+00    0.0000E+00   -4.2752E-05
  582   -3.9457E-01   -5.4181E-01    0.0000E+00    0.0000E+00    0.0000E+00   -4.5408E-05
  583   -3.9207E-01   -4.8558E-01    0.0000E+00    0.0000E+00    0.0000E+00   -4.7694E-05
  584   -3.8949E-01   -4.2896E-01    0.0000E+00    0.0000E+00    0.0000E+00   -4.9662E-05
  585   -3.8654E-01   -3.7205E-01    0.0000E+00    0.0000E+00    0.0000E+00   -5.1349E-05
  586   -3.8303E-01   -3.1497E-01    0.0000E+00    0.0000E+00    0.0000E+00   -5.2780E-05
  587   -3.7892E-01   -2.5777E-01    0.0000E+00    0.0000E+00    0.0000E+00   -5.3974E-05
  588   -3.7418E-01   -2.0050E-01    0.0000E+00    0.0000E+00    0.0000E+00   -5.4941E-05
  589   -3.6897E-01   -1.4320E-01    0.0000E+00    0.0000E+00    0.0000E+00   -5.5690E-05
  590   -3.6419E-01   -8.5893E-02    0.0000E+00    0.0000E+00    0.0000E+00   -5.6208E-05
  591   -3.6053E-01   -2.8595E-02    0.0000E+00    0.0000E+00    0.0000E+00   -5.6488E-05
  592   -4.5053E-01   -6.3711E-01    0.0000E+00    0.0000E+00    0.0000E+00   -3.8603E-05
  593   -4.4746E-01   -5.8421E-01    0.0000E+00    0.0000E+00    0.0000E+00   -4.1598E-05
  594   -4.4604E-01   -5.3027E-01    0.0000E+00    0.0000E+00    0.0000E+00   -4.4156E-05
  595   -4.4524E-01   -4.7554E-01    0.0000E+00    0.0000E+00    0.0000E+00   -4.6358E-05
  596   -4.4434E-01   -4.2027E-01    0.0000E+00    0.0000E+00    0.0000E+00   -4.8259E-05
  597   -4.4291E-01   -3.6463E-01    0.0000E+00    0.0000E+00    0.0000E+00   -4.9894E-05
  598   -4.4074E-01   -3.0874E-01    0.0000E+00    0.0000E+00    0.0000E+00   -5.1289E-05
  599   -4.3772E-01   -2.5269E-01    0.0000E+00    0.0000E+00    0.0000E+00   -5.2458E-05
  600   -4.3385E-01   -1.9655E-01    0.0000E+00    0.0000E+00    0.0000E+00   -5.3415E-05
  601   -4.2926E-01   -1.4037E-01    0.0000E+00    0.0000E+00    0.0000E+00   -5.4162E-05
  602   -4.2483E-01   -8.4183E-02    0.0000E+00    0.0000E+00    0.0000E+00   -5.4687E-05
  603   -4.2133E-01   -2.8002E-02    0.0000E+00    0.0000E+00    0.0000E+00   -5.4974E-05
  604   -4.9819E-01   -6.1998E-01    0.0000E+00    0.0000E+00    0.0000E+00   -3.7439E-05
  605   -4.9641E-01   -5.6930E-01    0.0000E+00    0.0000E+00    0.0000E+00   -4.0295E-05
  606   -4.9664E-01   -5.1729E-01    0.0000E+00    0.0000E+00    0.0000E+00   -4.2728E-05
  607   -4.9764E-01   -4.6427E-01    0.0000E+00    0.0000E+00    0.0000E+00   -4.4822E-05
  608   -4.9851E-01   -4.1054E-01    0.0000E+00    0.0000E+00    0.0000E+00   -4.6634E-05
  609   -4.9872E-01   -3.5632E-01    0.0000E+00    0.0000E+00    0.0000E+00   -4.8200E-05
  610   -4.9798E-01   -3.0178E-01    0.0000E+00    0.0000E+00    0.0000E+00   -4.9543E-05
  611   -4.9616E-01   -2.4704E-01    0.0000E+00    0.0000E+00    0.0000E+00   -5.0677E-05
  612   -4.9325E-01   -1.9217E-01    0.0000E+00    0.0000E+00    0.0000E+00   -5.1613E-05
  613   -4.8938E-01   -1.3725E-01    0.0000E+00    0.0000E+00    0.0000E+00   -5.2353E-05
  614   -4.8545E-01   -8.2309E-02    0.0000E+00    0.0000E+00    0.0000E+00   -5.2878E-05
  615   -4.8227E-01   -2.7364E-02    0.0000E+00    0.0000E+00    0.0000E+00   -5.3170E-05
  616   -5.4430E-01   -6.0133E-01    0.0000E+00    0.0000E+00    0.0000E+00   -3.6149E-05
  617   -5.4393E-01   -5.5330E-01    0.0000E+00    0.0000E+00    0.0000E+00   -3.8831E-05
  618   -5.4596E-01   -5.0352E-01    0.0000E+00    0.0000E+00    0.0000E+00   -4.1107E-05
  619   -5.4891E-01   -4.5241E-01    0.0000E+00    0.0000E+00    0.0000E+00   -4.3067E-05
  620   -5.5169E-01   -4.0035E-01    0.0000E+00    0.0000E+00    0.0000E+00   -4.4768E-05
  621   -5.5367E-01   -3.4766E-01    0.0000E+00    0.0000E+00    0.0000E+00   -4.6245E-05
  622   -5.5450E-01   -2.9456E-01    0.0000E+00    0.0000E+00    0.0000E+00   -4.7520E-05
  623   -5.5401E-01   -2.4118E-01    0.0000E+00    0.0000E+00    0.0000E+00   -4.8607E-05
  624   -5.5219E-01   -1.8766E-01    0.0000E+00    0.0000E+00    0.0000E+00   -4.9513E-05
  625   -5.4922E-01   -1.3406E-01    0.0000E+00    0.0000E+00    0.0000E+00   -5.0237E-05
  626   -5.4590E-01   -8.0419E-02    0.0000E+00    0.0000E+00    0.0000E+00   -5.0757E-05
  627   -5.4295E-01   -2.6745E-02    0.0000E+00    0.0000E+00    0.0000E+00   -5.1053E-05
  628   -5.8783E-01   -5.8253E-01    0.0000E+00    0.0000E+00    0.0000E+00   -3.4724E-05
  629   -5.8908E-01   -5.3785E-01    0.0000E+00    0.0000E+00    0.0000E+00   -3.7178E-05
  630   -5.9320E-01   -4.9065E-01    0.0000E+00    0.0000E+00    0.0000E+00   -3.9257E-05
  631   -5.9838E-01   -4.4154E-01    0.0000E+00    0.0000E+00    0.0000E+00   -4.1053E-05
  632   -6.0334E-01   -3.9114E-01    0.0000E+00    0.0000E+00    0.0000E+00   -4.2620E-05
  633   -6.0732E-01   -3.3990E-01    0.0000E+00    0.0000E+00    0.0000E+00   -4.3992E-05
  634   -6.0993E-01   -2.8813E-01    0.0000E+00    0.0000E+00    0.0000E+00   -4.5186E-05
  635   -6.1098E-01   -2.3602E-01    0.0000E+00    0.0000E+00    0.0000E+00   -4.6214E-05
  636   -6.1047E-01   -1.8370E-01    0.0000E+00    0.0000E+00    0.0000E+00   -4.7079E-05
  637   -6.0860E-01   -1.3128E-01    0.0000E+00    0.0000E+00    0.0000E+00   -4.7779E-05
  638   -6.0617E-01   -7.8791E-02    0.0000E+00    0.0000E+00    0.0000E+00   -4.8286E-05
  639   -6.0395E-01   -2.6214E-02    0.0000E+00    0.0000E+00    0.0000E+00   -4.8573E-05
  640   -6.2690E-01   -5.6595E-01    0.0000E+00    0.0000E+00    0.0000E+00   -3.3161E-05
  641   -6.3047E-01   -5.2561E-01    0.0000E+00    0.0000E+00    0.0000E+00   -3.5292E-05
  642   -6.3736E-01   -4.8119E-01    0.0000E+00    0.0000E+00    0.0000E+00   -3.7117E-05
  643   -6.4531E-01   -4.3392E-01    0.0000E+00    0.0000E+00    0.0000E+00   -3.8719E-05
  644   -6.5287E-01   -3.8486E-01    0.0000E+00    0.0000E+00    0.0000E+00   -4.0135E-05
  645   -6.5922E-01   -3.3472E-01    0.0000E+00    0.0000E+00    0.0000E+00   -4.1387E-05
  646   -6.6392E-01   -2.8390E-01    0.0000E+00    0.0000E+00    0.0000E+00   -4.2488E-05
  647   -6.6683E-01   -2.3266E-01    0.0000E+00    0.0000E+00    0.0000E+00   -4.3446E-05
  648   -6.6792E-01   -1.8116E-01    0.0000E+00    0.0000E+00    0.0000E+00   -4.4262E-05
  649   -6.6746E-01   -1.2950E-01    0.0000E+00    0.0000E+00    0.0000E+00   -4.4926E-05
  650   -6.6621E-01   -7.7728E-02    0.0000E+00    0.0000E+00    0.0000E+00   -4.5408E-05
  651   -6.6493E-01   -2.5853E-02    0.0000E+00    0.0000E+00    0.0000E+00   -4.5675E-05
  652   -6.5892E-01   -5.5440E-01    0.0000E+00    0.0000E+00    0.0000E+00   -3.1497E-05
  653   -6.6719E-01   -5.1908E-01    0.0000E+00    0.0000E+00    0.0000E+00   -3.3103E-05
  654   -6.7840E-01   -4.7676E-01    0.0000E+00    0.0000E+00    0.0000E+00   -3.4604E-05
  655   -6.9012E-01   -4.3052E-01    0.0000E+00    0.0000E+00    0.0000E+00   -3.5981E-05
  656   -7.0096E-01   -3.8209E-01    0.0000E+00    0.0000E+00    0.0000E+00   -3.7226E-05
  657   -7.1013E-01   -3.3246E-01    0.0000E+00    0.0000E+00    0.0000E+00   -3.8342E-05
  658   -7.1729E-01   -2.8209E-01    0.0000E+00    0.0000E+00    0.0000E+00   -3.9337E-05
  659   -7.2232E-01   -2.3123E-01    0.0000E+00    0.0000E+00    0.0000E+00   -4.0212E-05
  660   -7.2528E-01   -1.8004E-01    0.0000E+00    0.0000E+00    0.0000E+00   -4.0965E-05
  661   -7.2641E-01   -1.2865E-01    0.0000E+00    0.0000E+00    0.0000E+00   -4.1584E-05
  662   -7.2628E-01   -7.7149E-02    0.0000E+00    0.0000E+00    0.0000E+00   -4.2038E-05
  663   -7.2555E-01   -2.5578E-02    0.0000E+00    0.0000E+00    0.0000E+00   -4.2295E-05
  664   -7.8587E-01   -2.5697E-02    0.0000E+00    0.0000E+00    0.0000E+00   -3.8301E-05
  665   -8.4571E-01   -2.6527E-02    0.0000E+00    0.0000E+00    0.0000E+00   -3.3491E-05
  666   -9.0600E-01   -2.7777E-02    0.0000E+00    0.0000E+00    0.0000E+00   -2.7379E-05
  667   -9.6773E-01   -2.9231E-02    0.0000E+00    0.0000E+00    0.0000E+00   -1.8685E-05
  668   -7.8585E-01   -7.7769E-02    0.0000E+00    0.0000E+00    0.0000E+00   -3.8059E-05
  669   -8.4466E-01   -8.0107E-02    0.0000E+00    0.0000E+00    0.0000E+00   -3.3280E-05
  670   -9.0381E-01   -8.3587E-02    0.0000E+00    0.0000E+00    0.0000E+00   -2.7215E-05
  671   -9.6453E-01   -8.7911E-02    0.0000E+00    0.0000E+00    0.0000E+00   -1.8581E-05
  672   -7.8465E-01   -1.2979E-01    0.0000E+00    0.0000E+00    0.0000E+00   -3.7639E-05
  673   -8.4175E-01   -1.3361E-01    0.0000E+00    0.0000E+00    0.0000E+00   -3.2915E-05
  674   -8.9914E-01   -1.3926E-01    0.0000E+00    0.0000E+00    0.0000E+00   -2.6920E-05
  675   -9.5813E-01   -1.4632E-01    0.0000E+00    0.0000E+00    0.0000E+00   -1.8382E-05
  676   -7.8168E-01   -1.8166E-01    0.0000E+00    0.0000E+00    0.0000E+00   -3.7077E-05
  677   -8.3662E-01   -1.8687E-01    0.0000E+00    0.0000E+00    0.0000E+00   -3.2425E-05
  678   -8.9176E-01   -1.9459E-01    0.0000E+00    0.0000E+00    0.0000E+00   -2.6521E-05
  679   -9.4845E-01   -2.0421E-01    0.0000E+00    0.0000E+00    0.0000E+00   -1.8109E-05
  680   -7.7656E-01   -2.3327E-01    0.0000E+00    0.0000E+00    0.0000E+00   -3.6398E-05
  681   -8.2902E-01   -2.3976E-01    0.0000E+00    0.0000E+00    0.0000E+00   -3.1834E-05
  682   -8.8153E-01   -2.4937E-01    0.0000E+00    0.0000E+00    0.0000E+00   -2.6039E-05
  683   -9.3548E-01   -2.6134E-01    0.0000E+00    0.0000E+00    0.0000E+00   -1.7778E-05
  684   -7.6908E-01   -2.8446E-01    0.0000E+00    0.0000E+00    0.0000E+00   -3.5617E-05
  685   -8.1878E-01   -2.9210E-01    0.0000E+00    0.0000E+00    0.0000E+00   -3.1157E-05
  686   -8.6835E-01   -3.0341E-01    0.0000E+00    0.0000E+00    0.0000E+00   -2.5488E-05
  687   -9.1924E-01   -3.1749E-01    0.0000E+00    0.0000E+00    0.0000E+00   -1.7400E-05
  688   -7.5916E-01   -3.3509E-01    0.0000E+00    0.0000E+00    0.0000E+00   -3.4741E-05
  689   -8.0584E-01   -3.4371E-01    0.0000E+00    0.0000E+00    0.0000E+00   -3.0405E-05
  690   -8.5222E-01   -3.5654E-01    0.0000E+00    0.0000E+00    0.0000E+00   -2.4880E-05
  691   -8.9978E-01   -3.7246E-01    0.0000E+00    0.0000E+00    0.0000E+00   -1.6985E-05
  692   -7.4683E-01   -3.8492E-01    0.0000E+00    0.0000E+00    0.0000E+00   -3.3772E-05
  693   -7.9020E-01   -3.9439E-01    0.0000E+00    0.0000E+00    0.0000E+00   -2.9585E-05
  694   -8.3314E-01   -4.0852E-01    0.0000E+00    0.0000E+00    0.0000E+00   -2.4224E-05
  695   -8.7719E-01   -4.2605E-01    0.0000E+00    0.0000E+00    0.0000E+00   -1.6542E-05
  696   -7.3231E-01   -4.3348E-01    0.0000E+00    0.0000E+00    0.0000E+00   -3.2713E-05
  697   -7.7197E-01   -4.4368E-01    0.0000E+00    0.0000E+00    0.0000E+00   -2.8708E-05
  698   -8.1119E-01   -4.5900E-01    0.0000E+00    0.0000E+00    0.0000E+00   -2.3537E-05
  699   -8.5155E-01   -4.7799E-01    0.0000E+00    0.0000E+00    0.0000E+00   -1.6085E-05
  700   -7.1615E-01   -4.7975E-01    0.0000E+00    0.0000E+00    0.0000E+00   -3.1581E-05
  701   -7.5143E-01   -4.9075E-01    0.0000E+00    0.0000E+00    0.0000E+00   -2.7807E-05
  702   -7.8654E-01   -5.0738E-01    0.0000E+00    0.0000E+00    0.0000E+00   -2.2856E-05
  703   -8.2304E-01   -5.2791E-01    0.0000E+00    0.0000E+00    0.0000E+00   -1.5641E-05
  704   -6.9922E-01   -5.2186E-01    0.0000E+00    0.0000E+00    0.0000E+00   -3.0438E-05
  705   -7.2890E-01   -5.3432E-01    0.0000E+00    0.0000E+00    0.0000E+00   -2.6968E-05
  706   -7.5934E-01   -5.5290E-01    0.0000E+00    0.0000E+00    0.0000E+00   -2.2258E-05
  707   -7.9187E-01   -5.7539E-01    0.0000E+00    0.0000E+00    0.0000E+00   -1.5266E-05
  708   -6.8277E-01   -5.5651E-01    0.0000E+00    0.0000E+00    0.0000E+00   -2.9482E-05
  709   -7.0442E-01   -5.7280E-01    0.0000E+00    0.0000E+00    0.0000E+00   -2.6386E-05
  710   -7.2949E-01   -5.9492E-01    0.0000E+00    0.0000E+00    0.0000E+00   -2.1882E-05
  711   -7.5792E-01   -6.2038E-01    0.0000E+00    0.0000E+00    0.0000E+00   -1.5041E-05
  712    7.9691E-01   -2.9033E-02    0.0000E+00    0.0000E+00    0.0000E+00   -3.7493E-05
  713    7.4031E-01   -2.9237E-02    0.0000E+00    0.0000E+00    0.0000E+00   -4.1409E-05
  714    6.8353E-01   -2.9775E-02    0.0000E+00    0.0000E+00    0.0000E+00   -4.4739E-05
  715    6.2654E-01   -3.0428E-02    0.0000E+00    0.0000E+00    0.0000E+00   -4.7608E-05
  716    5.6934E-01   -3.1064E-02    0.0000E+00    0.0000E+00    0.0000E+00   -5.0091E-05
  717    5.1199E-01   -3.1624E-02    0.0000E+00    0.0000E+00    0.0000E+00   -5.2241E-05
  718    4.5452E-01   -3.2089E-02    0.0000E+00    0.0000E+00    0.0000E+00   -5.4095E-05
  719    3.9696E-01   -3.2450E-02    0.0000E+00    0.0000E+00    0.0000E+00   -5.5679E-05
  720    3.3933E-01   -3.2701E-02    0.0000E+00    0.0000E+00    0.0000E+00   -5.7014E-05
  721    2.8165E-01   -3.2840E-02    0.0000E+00    0.0000E+00    0.0000E+00   -5.8117E-05
  722    2.2396E-01   -3.2863E-02    0.0000E+00    0.0000E+00    0.0000E+00   -5.8999E-05
  723    1.6630E-01   -3.2769E-02    0.0000E+00    0.0000E+00    0.0000E+00   -5.9669E-05
  724    1.0874E-01   -3.2556E-02    0.0000E+00    0.0000E+00    0.0000E+00   -6.0134E-05
  725    5.1358E-02   -3.2225E-02    0.0000E+00    0.0000E+00    0.0000E+00   -6.0399E-05
  726   -5.9207E-03   -3.1784E-02    0.0000E+00    0.0000E+00    0.0000E+00   -6.0470E-05
  727   -6.3361E-02   -3.1257E-02    0.0000E+00    0.0000E+00    0.0000E+00   -6.0345E-05
  728   -1.2124E-01   -3.0697E-02    0.0000E+00    0.0000E+00    0.0000E+00   -6.0022E-05
  729   -1.7939E-01   -3.0155E-02    0.0000E+00    0.0000E+00    0.0000E+00   -5.9493E-05
  730    7.9477E-01   -8.6841E-02    0.0000E+00    0.0000E+00    0.0000E+00   -3.7326E-05
  731    7.3856E-01   -8.7502E-02    0.0000E+00    0.0000E+00    0.0000E+00   -4.1221E-05
  732    6.8201E-01   -8.8939E-02    0.0000E+00    0.0000E+00    0.0000E+00   -4.4539E-05
  733    6.2512E-01   -9.0727E-02    0.0000E+00    0.0000E+00    0.0000E+00   -4.7399E-05
  734    5.6794E-01   -9.2554E-02    0.0000E+00    0.0000E+00    0.0000E+00   -4.9876E-05
  735    5.1054E-01   -9.4230E-02    0.0000E+00    0.0000E+00    0.0000E+00   -5.2022E-05
  736    4.5296E-01   -9.5650E-02    0.0000E+00    0.0000E+00    0.0000E+00   -5.3873E-05
  737    3.9524E-01   -9.6762E-02    0.0000E+00    0.0000E+00    0.0000E+00   -5.5456E-05
  738    3.3742E-01   -9.7543E-02    0.0000E+00    0.0000E+00    0.0000E+00   -5.6790E-05
  739    2.7953E-01   -9.7984E-02    0.0000E+00    0.0000E+00    0.0000E+00   -5.7892E-05
  740    2.2160E-01   -9.8081E-02    0.0000E+00    0.0000E+00    0.0000E+00   -5.8773E-05
  741    1.6367E-01   -9.7837E-02    0.0000E+00    0.0000E+00    0.0000E+00   -5.9442E-05
  742    1.0582E-01   -9.7251E-02    0.0000E+00    0.0000E+00    0.0000E+00   -5.9905E-05
  743    4.8071E-02   -9.6335E-02    0.0000E+00    0.0000E+00    0.0000E+00   -6.0168E-05
  744   -9.6294E-03   -9.5107E-02    0.0000E+00    0.0000E+00    0.0000E+00   -6.0234E-05
  745   -6.7391E-02   -9.3620E-02    0.0000E+00    0.0000E+00    0.0000E+00   -6.0104E-05
  746   -1.2555E-01   -9.2002E-02    0.0000E+00    0.0000E+00    0.0000E+00   -5.9773E-05
  747   -1.8385E-01   -9.0400E-02    0.0000E+00    0.0000E+00    0.0000E+00   -5.9234E-05
  748    7.9053E-01   -1.4442E-01    0.0000E+00    0.0000E+00    0.0000E+00   -3.6996E-05
  749    7.3484E-01   -1.4564E-01    0.0000E+00    0.0000E+00    0.0000E+00   -4.0861E-05
  750    6.7865E-01   -1.4803E-01    0.0000E+00    0.0000E+00    0.0000E+00   -4.4153E-05
  751    6.2197E-01   -1.5096E-01    0.0000E+00    0.0000E+00    0.0000E+00   -4.6993E-05
  752    5.6488E-01   -1.5398E-01    0.0000E+00    0.0000E+00    0.0000E+00   -4.9454E-05
  753    5.0747E-01   -1.5676E-01    0.0000E+00    0.0000E+00    0.0000E+00   -5.1588E-05
  754    4.4980E-01   -1.5913E-01    0.0000E+00    0.0000E+00    0.0000E+00   -5.3430E-05
  755    3.9193E-01   -1.6099E-01    0.0000E+00    0.0000E+00    0.0000E+00   -5.5007E-05
  756    3.3392E-01   -1.6230E-01    0.0000E+00    0.0000E+00    0.0000E+00   -5.6336E-05
  757    2.7580E-01   -1.6305E-01    0.0000E+00    0.0000E+00    0.0000E+00   -5.7434E-05
  758    2.1762E-01   -1.6323E-01    0.0000E+00    0.0000E+00    0.0000E+00   -5.8311E-05
  759    1.5942E-01   -1.6284E-01    0.0000E+00    0.0000E+00    0.0000E+00   -5.8977E-05
  760    1.0126E-01   -1.6189E-01    0.0000E+00    0.0000E+00    0.0000E+00   -5.9438E-05
  761    4.3165E-02   -1.6039E-01    0.0000E+00    0.0000E+00    0.0000E+00   -5.9698E-05
  762   -1.4861E-02   -1.5837E-01    0.0000E+00    0.0000E+00    0.0000E+00   -5.9760E-05
  763   -7.2887E-02   -1.5593E-01    0.0000E+00    0.0000E+00    0.0000E+00   -5.9624E-05
  764   -1.3114E-01   -1.5327E-01    0.0000E+00    0.0000E+00    0.0000E+00   -5.9287E-05
  765   -1.8949E-01   -1.5062E-01    0.0000E+00    0.0000E+00    0.0000E+00   -5.8740E-05
  766    7.8384E-01   -2.0165E-01    0.0000E+00    0.0000E+00    0.0000E+00   -3.6523E-05
  767    7.2889E-01   -2.0349E-01    0.0000E+00    0.0000E+00    0.0000E+00   -4.0339E-05
  768    6.7322E-01   -2.0687E-01    0.0000E+00    0.0000E+00    0.0000E+00   -4.3590E-05
  769    6.1688E-01   -2.1098E-01    0.0000E+00    0.0000E+00    0.0000E+00   -4.6394E-05
  770    5.6000E-01   -2.1520E-01    0.0000E+00    0.0000E+00    0.0000E+00   -4.8827E-05
  771    5.0269E-01   -2.1909E-01    0.0000E+00    0.0000E+00    0.0000E+00   -5.0939E-05
  772    4.4502E-01   -2.2242E-01    0.0000E+00    0.0000E+00    0.0000E+00   -5.2762E-05
  773    3.8709E-01   -2.2504E-01    0.0000E+00    0.0000E+00    0.0000E+00   -5.4324E-05
  774    3.2896E-01   -2.2690E-01    0.0000E+00    0.0000E+00    0.0000E+00   -5.5643E-05
  775    2.7069E-01   -2.2797E-01    0.0000E+00    0.0000E+00    0.0000E+00   -5.6733E-05
  776    2.1233E-01   -2.2825E-01    0.0000E+00    0.0000E+00    0.0000E+00   -5.7604E-05
  777    1.5394E-01   -2.2773E-01    0.0000E+00    0.0000E+00    0.0000E+00   -5.8266E-05
  778    9.5571E-02   -2.2642E-01    0.0000E+00    0.0000E+00    0.0000E+00   -5.8723E-05
  779    3.7263E-02   -2.2435E-01    0.0000E+00    0.0000E+00    0.0000E+00   -5.8981E-05
  780   -2.0959E-02   -2.2157E-01    0.0000E+00    0.0000E+00    0.0000E+00   -5.9041E-05
  781   -7.9133E-02   -2.1819E-01    0.0000E+00    0.0000E+00    0.0000E+00   -5.8904E-05
  782   -1.3743E-01   -2.1451E-01    0.0000E+00    0.0000E+00    0.0000E+00   -5.8563E-05
  783   -1.9583E-01   -2.1082E-01    0.0000E+00    0.0000E+00    0.0000E+00   -5.8010E-05
  784    7.7455E-01   -2.5836E-01    0.0000E+00    0.0000E+00    0.0000E+00   -3.5917E-05
  785    7.2050E-01   -2.6090E-01    0.0000E+00    0.0000E+00    0.0000E+00   -3.9665E-05
  786    6.6551E-01   -2.6533E-01    0.0000E+00    0.0000E+00    0.0000E+00   -4.2855E-05
  787    6.0967E-01   -2.7065E-01    0.0000E+00    0.0000E+00    0.0000E+00   -4.5608E-05
  788    5.5314E-01   -2.7609E-01    0.0000E+00    0.0000E+00    0.0000E+00   -4.7996E-05
  789    4.9606E-01   -2.8112E-01    0.0000E+00    0.0000E+00    0.0000E+00   -5.0071E-05
  790    4.3853E-01   -2.8542E-01    0.0000E+00    0.0000E+00    0.0000E+00   -5.1865E-05
  791    3.8066E-01   -2.8883E-01    0.0000E+00    0.0000E+00    0.0000E+00   -5.3404E-05
  792    3.2254E-01   -2.9126E-01    0.0000E+00    0.0000E+00    0.0000E+00   -5.4705E-05
  793    2.6424E-01   -2.9268E-01    0.0000E+00    0.0000E+00    0.0000E+00   -5.5781E-05
  794    2.0583E-01   -2.9307E-01    0.0000E+00    0.0000E+00    0.0000E+00   -5.6643E-05
  795    1.4737E-01   -2.9245E-01    0.0000E+00    0.0000E+00    0.0000E+00   -5.7297E-05
  796    8.8932E-02   -2.9081E-01    0.0000E+00    0.0000E+00    0.0000E+00   -5.7751E-05
  797    3.0557E-02   -2.8820E-01    0.0000E+00    0.0000E+00    0.0000E+00   -5.8008E-05
  798   -2.7711E-02   -2.8466E-01    0.0000E+00    0.0000E+00    0.0000E+00   -5.8069E-05
  799   -8.5890E-02   -2.8037E-01    0.0000E+00    0.0000E+00    0.0000E+00   -5.7933E-05
  800   -1.4409E-01   -2.7569E-01    0.0000E+00    0.0000E+00    0.0000E+00   -5.7594E-05
  801   -2.0232E-01   -2.7099E-01    0.0000E+00    0.0000E+00    0.0000E+00   -5.7041E-05
  802    7.6250E-01   -3.1438E-01    0.0000E+00    0.0000E+00    0.0000E+00   -3.5189E-05
  803    7.0952E-01   -3.1770E-01    0.0000E+00    0.0000E+00    0.0000E+00   -3.8846E-05
  804    6.5537E-01   -3.2323E-01    0.0000E+00    0.0000E+00    0.0000E+00   -4.1954E-05
  805    6.0020E-01   -3.2981E-01    0.0000E+00    0.0000E+00    0.0000E+00   -4.4634E-05
  806    5.4417E-01   -3.3652E-01    0.0000E+00    0.0000E+00    0.0000E+00   -4.6960E-05
  807    4.8747E-01   -3.4272E-01    0.0000E+00    0.0000E+00    0.0000E+00   -4.8982E-05
  808    4.3023E-01   -3.4803E-01    0.0000E+00    0.0000E+00    0.0000E+00   -5.0734E-05
  809    3.7257E-01   -3.5226E-01    0.0000E+00    0.0000E+00    0.0000E+00   -5.2238E-05
  810    3.1461E-01   -3.5529E-01    0.0000E+00    0.0000E+00    0.0000E+00   -5.3512E-05
  811    2.5643E-01   -3.5709E-01    0.0000E+00    0.0000E+00    0.0000E+00   -5.4568E-05
  812    1.9811E-01   -3.5764E-01    0.0000E+00    0.0000E+00    0.0000E+00   -5.5416E-05
  813    1.3974E-01   -3.5694E-01    0.0000E+00    0.0000E+00    0.0000E+00   -5.6061E-05
  814    8.1380E-02   -3.5501E-01    0.0000E+00    0.0000E+00    0.0000E+00   -5.6511E-05
  815    2.3097E-02   -3.5188E-01    0.0000E+00    0.0000E+00    0.0000E+00   -5.6767E-05
  816   -3.5059E-02   -3.4763E-01    0.0000E+00    0.0000E+00    0.0000E+00   -5.6832E-05
  817   -9.3086E-02   -3.4246E-01    0.0000E+00    0.0000E+00    0.0000E+00   -5.6703E-05
  818   -1.5103E-01   -3.3681E-01    0.0000E+00    0.0000E+00    0.0000E+00   -5.6370E-05
  819   -2.0889E-01   -3.3111E-01    0.0000E+00    0.0000E+00    0.0000E+00   -5.5822E-05
  820    7.4761E-01   -3.6953E-01    0.0000E+00    0.0000E+00    0.0000E+00   -3.4345E-05
  821    6.9586E-01   -3.7371E-01    0.0000E+00    0.0000E+00    0.0000E+00   -3.7886E-05
  822    6.4272E-01   -3.8041E-01    0.0000E+00    0.0000E+00    0.0000E+00   -4.0887E-05
  823    5.8837E-01   -3.8831E-01    0.0000E+00    0.0000E+00    0.0000E+00   -4.3471E-05
  824    5.3301E-01   -3.9634E-01    0.0000E+00    0.0000E+00    0.0000E+00   -4.5713E-05
  825    4.7686E-01   -4.0376E-01    0.0000E+00    0.0000E+00    0.0000E+00   -4.7665E-05
  826    4.2006E-01   -4.1013E-01    0.0000E+00    0.0000E+00    0.0000E+00   -4.9359E-05
  827    3.6278E-01   -4.1522E-01    0.0000E+00    0.0000E+00    0.0000E+00   -5.0816E-05
  828    3.0513E-01   -4.1890E-01    0.0000E+00    0.0000E+00    0.0000E+00   -5.2054E-05
  829    2.4723E-01   -4.2112E-01    0.0000E+00    0.0000E+00    0.0000E+00   -5.3082E-05
  830    1.8917E-01   -4.2186E-01    0.0000E+00    0.0000E+00    0.0000E+00   -5.3909E-05
  831    1.3104E-01   -4.2113E-01    0.0000E+00    0.0000E+00    0.0000E+00   -5.4542E-05
  832    7.2919E-02   -4.1895E-01    0.0000E+00    0.0000E+00    0.0000E+00   -5.4986E-05
  833    1.4892E-02   -4.1535E-01    0.0000E+00    0.0000E+00    0.0000E+00   -5.5243E-05
  834   -4.2989E-02   -4.1044E-01    0.0000E+00    0.0000E+00    0.0000E+00   -5.5314E-05
  835   -1.0070E-01   -4.0443E-01    0.0000E+00    0.0000E+00    0.0000E+00   -5.5195E-05
  836   -1.5822E-01   -3.9784E-01    0.0000E+00    0.0000E+00    0.0000E+00   -5.4874E-05
  837   -2.1552E-01   -3.9118E-01    0.0000E+00    0.0000E+00    0.0000E+00   -5.4338E-05
  838    7.2998E-01   -4.2353E-01    0.0000E+00    0.0000E+00    0.0000E+00   -3.3385E-05
  839    6.7960E-01   -4.2867E-01    0.0000E+00    0.0000E+00    0.0000E+00   -3.6784E-05
  840    6.2762E-01   -4.3665E-01    0.0000E+00    0.0000E+00    0.0000E+00   -3.9651E-05
  841    5.7424E-01   -4.4594E-01    0.0000E+00    0.0000E+00    0.0000E+00   -4.2113E-05
  842    5.1972E-01   -4.5535E-01    0.0000E+00    0.0000E+00    0.0000E+00   -4.4249E-05
  843    4.6427E-01   -4.6405E-01    0.0000E+00    0.0000E+00    0.0000E+00   -4.6110E-05
  844    4.0808E-01   -4.7155E-01    0.0000E+00    0.0000E+00    0.0000E+00   -4.7728E-05
  845    3.5133E-01   -4.7755E-01    0.0000E+00    0.0000E+00    0.0000E+00   -4.9124E-05
  846    2.9416E-01   -4.8194E-01    0.0000E+00    0.0000E+00    0.0000E+00   -5.0312E-05
  847    2.3669E-01   -4.8464E-01    0.0000E+00    0.0000E+00    0.0000E+00   -5.1303E-05
  848    1.7904E-01   -4.8564E-01    0.0000E+00    0.0000E+00    0.0000E+00   -5.2104E-05
  849    1.2131E-01   -4.8494E-01    0.0000E+00    0.0000E+00    0.0000E+00   -5.2721E-05
  850    6.3597E-02   -4.8256E-01    0.0000E+00    0.0000E+00    0.0000E+00   -5.3157E-05
  851    5.9838E-03   -4.7856E-01    0.0000E+00    0.0000E+00    0.0000E+00   -5.3415E-05
  852   -5.1463E-02   -4.7303E-01    0.0000E+00    0.0000E+00    0.0000E+00   -5.3495E-05
  853   -1.0870E-01   -4.6625E-01    0.0000E+00    0.0000E+00    0.0000E+00   -5.3389E-05
  854   -1.6562E-01   -4.5877E-01    0.0000E+00    0.0000E+00    0.0000E+00   -5.3085E-05
  855   -2.2219E-01   -4.5116E-01    0.0000E+00    0.0000E+00    0.0000E+00   -5.2567E-05
  856    7.0993E-01   -4.7598E-01    0.0000E+00    0.0000E+00    0.0000E+00   -3.2298E-05
  857    6.6111E-01   -4.8221E-01    0.0000E+00    0.0000E+00    0.0000E+00   -3.5524E-05
  858    6.1048E-01   -4.9156E-01    0.0000E+00    0.0000E+00    0.0000E+00   -3.8229E-05
  859    5.5825E-01   -5.0234E-01    0.0000E+00    0.0000E+00    0.0000E+00   -4.0543E-05
  860    5.0471E-01   -5.1322E-01    0.0000E+00    0.0000E+00    0.0000E+00   -4.2549E-05
  861    4.5011E-01   -5.2329E-01    0.0000E+00    0.0000E+00    0.0000E+00   -4.4297E-05
  862    3.9467E-01   -5.3198E-01    0.0000E+00    0.0000E+00    0.0000E+00   -4.5821E-05
  863    3.3859E-01   -5.3900E-01    0.0000E+00    0.0000E+00    0.0000E+00   -4.7139E-05
  864    2.8203E-01   -5.4417E-01    0.0000E+00    0.0000E+00    0.0000E+00   -4.8265E-05
  865    2.2513E-01   -5.4744E-01    0.0000E+00    0.0000E+00    0.0000E+00   -4.9209E-05
  866    1.6802E-01   -5.4878E-01    0.0000E+00    0.0000E+00    0.0000E+00   -4.9976E-05
  867    1.1082E-01   -5.4819E-01    0.0000E+00    0.0000E+00    0.0000E+00   -5.0571E-05
  868    5.3630E-02   -5.4570E-01    0.0000E+00    0.0000E+00    0.0000E+00   -5.0997E-05
  869   -3.4425E-03   -5.4137E-01    0.0000E+00    0.0000E+00    0.0000E+00   -5.1256E-05
  870   -6.0329E-02   -5.3532E-01    0.0000E+00    0.0000E+00    0.0000E+00   -5.1346E-05
  871   -1.1696E-01   -5.2784E-01    0.0000E+00    0.0000E+00    0.0000E+00   -5.1259E-05
  872   -1.7317E-01   -5.1954E-01    0.0000E+00    0.0000E+00    0.0000E+00   -5.0977E-05
  873   -2.2889E-01   -5.1103E-01    0.0000E+00    0.0000E+00    0.0000E+00   -5.0484E-05
  874    6.8833E-01   -5.2624E-01    0.0000E+00    0.0000E+00    0.0000E+00   -3.1060E-05
  875    6.4145E-01   -5.3363E-01    0.0000E+00    0.0000E+00    0.0000E+00   -3.4077E-05
  876    5.9246E-01   -5.4446E-01    0.0000E+00    0.0000E+00    0.0000E+00   -3.6588E-05
  877    5.4156E-01   -5.5687E-01    0.0000E+00    0.0000E+00    0.0000E+00   -3.8726E-05
  878    4.8912E-01   -5.6936E-01    0.0000E+00    0.0000E+00    0.0000E+00   -4.0577E-05
  879    4.3545E-01   -5.8094E-01    0.0000E+00    0.0000E+00    0.0000E+00   -4.2191E-05
  880    3.8084E-01   -5.9096E-01    0.0000E+00    0.0000E+00    0.0000E+00   -4.3602E-05
  881    3.2549E-01   -5.9910E-01    0.0000E+00    0.0000E+00    0.0000E+00   -4.4827E-05
  882    2.6960E-01   -6.0519E-01    0.0000E+00    0.0000E+00    0.0000E+00   -4.5880E-05
  883    2.1332E-01   -6.0915E-01    0.0000E+00    0.0000E+00    0.0000E+00   -4.6766E-05
  884    1.5680E-01   -6.1096E-01    0.0000E+00    0.0000E+00    0.0000E+00   -4.7491E-05
  885    1.0017E-01   -6.1061E-01    0.0000E+00    0.0000E+00    0.0000E+00   -4.8060E-05
  886    4.3552E-02   -6.0815E-01    0.0000E+00    0.0000E+00    0.0000E+00   -4.8474E-05
  887   -1.2944E-02   -6.0362E-01    0.0000E+00    0.0000E+00    0.0000E+00   -4.8734E-05
  888   -6.9240E-02   -5.9717E-01    0.0000E+00    0.0000E+00    0.0000E+00   -4.8836E-05
  889   -1.2524E-01   -5.8912E-01    0.0000E+00    0.0000E+00    0.0000E+00   -4.8769E-05
  890   -1.8072E-01   -5.8009E-01    0.0000E+00    0.0000E+00    0.0000E+00   -4.8514E-05
  891   -2.3558E-01   -5.7074E-01    0.0000E+00    0.0000E+00    0.0000E+00   -4.8051E-05
  892    6.6680E-01   -5.7320E-01    0.0000E+00    0.0000E+00    0.0000E+00   -2.9627E-05
  893    6.2266E-01   -5.8183E-01    0.0000E+00    0.0000E+00    0.0000E+00   -3.2390E-05
  894    5.7567E-01   -5.9436E-01    0.0000E+00    0.0000E+00    0.0000E+00   -3.4669E-05
  895    5.2624E-01   -6.0864E-01    0.0000E+00    0.0000E+00    0.0000E+00   -3.6603E-05
  896    4.7491E-01   -6.2299E-01    0.0000E+00    0.0000E+00    0.0000E+00   -3.8276E-05
  897    4.2215E-01   -6.3627E-01    0.0000E+00    0.0000E+00    0.0000E+00   -3.9740E-05
  898    3.6829E-01   -6.4784E-01    0.0000E+00    0.0000E+00    0.0000E+00   -4.1023E-05
  899    3.1361E-01   -6.5730E-01    0.0000E+00    0.0000E+00    0.0000E+00   -4.2143E-05
  900    2.5830E-01   -6.6450E-01    0.0000E+00    0.0000E+00    0.0000E+00   -4.3110E-05
  901    2.0256E-01   -6.6934E-01    0.0000E+00    0.0000E+00    0.0000E+00   -4.3931E-05
  902    1.4653E-01   -6.7181E-01    0.0000E+00    0.0000E+00    0.0000E+00   -4.4608E-05
  903    9.0373E-02   -6.7189E-01    0.0000E+00    0.0000E+00    0.0000E+00   -4.5146E-05
  904    3.4213E-02   -6.6964E-01    0.0000E+00    0.0000E+00    0.0000E+00   -4.5545E-05
  905   -2.1830E-02   -6.6510E-01    0.0000E+00    0.0000E+00    0.0000E+00   -4.5803E-05
  906   -7.7664E-02   -6.5845E-01    0.0000E+00    0.0000E+00    0.0000E+00   -4.5917E-05
  907   -1.3318E-01   -6.5002E-01    0.0000E+00    0.0000E+00    0.0000E+00   -4.5871E-05
  908   -1.8807E-01   -6.4040E-01    0.0000E+00    0.0000E+00    0.0000E+00   -4.5644E-05
  909   -2.4225E-01   -6.3025E-01    0.0000E+00    0.0000E+00    0.0000E+00   -4.5215E-05
  910    6.4789E-01   -6.1525E-01    0.0000E+00    0.0000E+00    0.0000E+00   -2.7967E-05
  911    6.0758E-01   -6.2547E-01    0.0000E+00    0.0000E+00    0.0000E+00   -3.0386E-05
  912    5.6285E-01   -6.4018E-01    0.0000E+00    0.0000E+00    0.0000E+00   -3.2383E-05
  913    5.1482E-01   -6.5676E-01    0.0000E+00    0.0000E+00    0.0000E+00   -3.4086E-05
  914    4.6443E-01   -6.7334E-01    0.0000E+00    0.0000E+00    0.0000E+00   -3.5567E-05
  915    4.1235E-01   -6.8867E-01    0.0000E+00    0.0000E+00    0.0000E+00   -3.6867E-05
  916    3.5902E-01   -7.0206E-01    0.0000E+00    0.0000E+00    0.0000E+00   -3.8012E-05
  917    3.0476E-01   -7.1312E-01    0.0000E+00    0.0000E+00    0.0000E+00   -3.9016E-05
  918    2.4980E-01   -7.2168E-01    0.0000E+00    0.0000E+00    0.0000E+00   -3.9890E-05
  919    1.9433E-01   -7.2766E-01    0.0000E+00    0.0000E+00    0.0000E+00   -4.0637E-05
  920    1.3853E-01   -7.3104E-01    0.0000E+00    0.0000E+00    0.0000E+00   -4.1261E-05
  921    8.2551E-02   -7.3181E-01    0.0000E+00    0.0000E+00    0.0000E+00   -4.1762E-05
  922    2.6548E-02   -7.3003E-01    0.0000E+00    0.0000E+00    0.0000E+00   -4.2141E-05
  923   -2.9351E-02   -7.2575E-01    0.0000E+00    0.0000E+00    0.0000E+00   -4.2395E-05
  924   -8.5042E-02   -7.1914E-01    0.0000E+00    0.0000E+00    0.0000E+00   -4.2516E-05
  925   -1.4038E-01   -7.1054E-01    0.0000E+00    0.0000E+00    0.0000E+00   -4.2488E-05
  926   -1.9503E-01   -7.0046E-01    0.0000E+00    0.0000E+00    0.0000E+00   -4.2291E-05
  927   -2.4893E-01   -6.8953E-01    0.0000E+00    0.0000E+00    0.0000E+00   -4.1899E-05
  928    6.3474E-01   -6.4998E-01    0.0000E+00    0.0000E+00    0.0000E+00   -2.6085E-05
  929    5.9871E-01   -6.6347E-01    0.0000E+00    0.0000E+00    0.0000E+00   -2.7963E-05
  930    5.5563E-01   -6.8176E-01    0.0000E+00    0.0000E+00    0.0000E+00   -2.9618E-05
  931    5.0835E-01   -7.0172E-01    0.0000E+00    0.0000E+00    0.0000E+00   -3.1061E-05
  932    4.5837E-01   -7.2128E-01    0.0000E+00    0.0000E+00    0.0000E+00   -3.2325E-05
  933    4.0654E-01   -7.3918E-01    0.0000E+00    0.0000E+00    0.0000E+00   -3.3442E-05
  934    3.5338E-01   -7.5477E-01    0.0000E+00    0.0000E+00    0.0000E+00   -3.4433E-05
  935    2.9922E-01   -7.6772E-01    0.0000E+00    0.0000E+00    0.0000E+00   -3.5309E-05
  936    2.4428E-01   -7.7789E-01    0.0000E+00    0.0000E+00    0.0000E+00   -3.6078E-05
  937    1.8875E-01   -7.8524E-01    0.0000E+00    0.0000E+00    0.0000E+00   -3.6743E-05
  938    1.3284E-01   -7.8975E-01    0.0000E+00    0.0000E+00    0.0000E+00   -3.7305E-05
  939    7.6696E-02   -7.9142E-01    0.0000E+00    0.0000E+00    0.0000E+00   -3.7762E-05
  940    2.0495E-02   -7.9031E-01    0.0000E+00    0.0000E+00    0.0000E+00   -3.8114E-05
  941   -3.5620E-02   -7.8648E-01    0.0000E+00    0.0000E+00    0.0000E+00   -3.8357E-05
  942   -9.1518E-02   -7.8008E-01    0.0000E+00    0.0000E+00    0.0000E+00   -3.8482E-05
  943   -1.4704E-01   -7.7138E-01    0.0000E+00    0.0000E+00    0.0000E+00   -3.8472E-05
  944   -2.0191E-01   -7.6079E-01    0.0000E+00    0.0000E+00    0.0000E+00   -3.8307E-05
  945   -2.5596E-01   -7.4880E-01    0.0000E+00    0.0000E+00    0.0000E+00   -3.7963E-05
  946   -2.6325E-01   -8.0796E-01    0.0000E+00    0.0000E+00    0.0000E+00   -3.3192E-05
  947   -2.7141E-01   -8.6705E-01    0.0000E+00    0.0000E+00    0.0000E+00   -2.7136E-05
  948   -2.8227E-01   -9.2681E-01    0.0000E+00    0.0000E+00    0.0000E+00   -1.8517E-05
  949   -2.0840E-01   -8.2099E-01    0.0000E+00    0.0000E+00    0.0000E+00   -3.3477E-05
  950   -2.1522E-01   -8.8088E-01    0.0000E+00    0.0000E+00    0.0000E+00   -2.7377E-05
  951   -2.2405E-01   -9.4192E-01    0.0000E+00    0.0000E+00    0.0000E+00   -1.8696E-05
  952   -1.5271E-01   -8.3199E-01    0.0000E+00    0.0000E+00    0.0000E+00   -3.3608E-05
  953   -1.5801E-01   -8.9219E-01    0.0000E+00    0.0000E+00    0.0000E+00   -2.7486E-05
  954   -1.6459E-01   -9.5385E-01    0.0000E+00    0.0000E+00    0.0000E+00   -1.8777E-05
  955   -9.6423E-02   -8.4063E-01    0.0000E+00    0.0000E+00    0.0000E+00   -3.3603E-05
  956   -1.0013E-01   -9.0067E-01    0.0000E+00    0.0000E+00    0.0000E+00   -2.7480E-05
  957   -1.0432E-01   -9.6235E-01    0.0000E+00    0.0000E+00    0.0000E+00   -1.8773E-05
  958   -3.9748E-02   -8.4663E-01    0.0000E+00    0.0000E+00    0.0000E+00   -3.3481E-05
  959   -4.1817E-02   -9.0610E-01    0.0000E+00    0.0000E+00    0.0000E+00   -2.7376E-05
  960   -4.3588E-02   -9.6728E-01    0.0000E+00    0.0000E+00    0.0000E+00   -1.8701E-05
  961    1.7146E-02   -8.4978E-01    0.0000E+00    0.0000E+00    0.0000E+00   -3.3258E-05
  962    1.6702E-02   -9.0834E-01    0.0000E+00    0.0000E+00    0.0000E+00   -2.7188E-05
  963    1.7323E-02   -9.6858E-01    0.0000E+00    0.0000E+00    0.0000E+00   -1.8569E-05
  964    7.4096E-02   -8.4995E-01    0.0000E+00    0.0000E+00    0.0000E+00   -3.2941E-05
  965    7.5223E-02   -9.0730E-01    0.0000E+00    0.0000E+00    0.0000E+00   -2.6924E-05
  966    7.8156E-02   -9.6622E-01    0.0000E+00    0.0000E+00    0.0000E+00   -1.8385E-05
  967    1.3093E-01   -8.4709E-01    0.0000E+00    0.0000E+00    0.0000E+00   -3.2538E-05
  968    1.3354E-01   -9.0294E-01    0.0000E+00    0.0000E+00    0.0000E+00   -2.6590E-05
  969    1.3867E-01   -9.6019E-01    0.0000E+00    0.0000E+00    0.0000E+00   -1.8153E-05
  970    1.8748E-01   -8.4116E-01    0.0000E+00    0.0000E+00    0.0000E+00   -3.2049E-05
  971    1.9146E-01   -8.9525E-01    0.0000E+00    0.0000E+00    0.0000E+00   -2.6190E-05
  972    1.9861E-01   -9.5053E-01    0.0000E+00    0.0000E+00    0.0000E+00   -1.7877E-05
  973    2.4354E-01   -8.3216E-01    0.0000E+00    0.0000E+00    0.0000E+00   -3.1477E-05
  974    2.4876E-01   -8.8425E-01    0.0000E+00    0.0000E+00    0.0000E+00   -2.5726E-05
  975    2.5777E-01   -9.3728E-01    0.0000E+00    0.0000E+00    0.0000E+00   -1.7559E-05
  976    2.9893E-01   -8.2009E-01    0.0000E+00    0.0000E+00    0.0000E+00   -3.0824E-05
  977    3.0525E-01   -8.6995E-01    0.0000E+00    0.0000E+00    0.0000E+00   -2.5200E-05
  978    3.1591E-01   -9.2049E-01    0.0000E+00    0.0000E+00    0.0000E+00   -1.7200E-05
  979    3.5346E-01   -8.0499E-01    0.0000E+00    0.0000E+00    0.0000E+00   -3.0088E-05
  980    3.6071E-01   -8.5242E-01    0.0000E+00    0.0000E+00    0.0000E+00   -2.4613E-05
  981    3.7280E-01   -9.0025E-01    0.0000E+00    0.0000E+00    0.0000E+00   -1.6802E-05
  982    4.0689E-01   -7.8695E-01    0.0000E+00    0.0000E+00    0.0000E+00   -2.9267E-05
  983    4.1492E-01   -8.3173E-01    0.0000E+00    0.0000E+00    0.0000E+00   -2.3963E-05
  984    4.2823E-01   -8.7667E-01    0.0000E+00    0.0000E+00    0.0000E+00   -1.6365E-05
  985    4.5894E-01   -7.6620E-01    0.0000E+00    0.0000E+00    0.0000E+00   -2.8352E-05
  986    4.6761E-01   -8.0809E-01    0.0000E+00    0.0000E+00    0.0000E+00   -2.3244E-05
  987    4.8195E-01   -8.4989E-01    0.0000E+00    0.0000E+00    0.0000E+00   -1.5883E-05
  988    5.0907E-01   -7.4327E-01    0.0000E+00    0.0000E+00    0.0000E+00   -2.7326E-05
  989    5.1831E-01   -7.8186E-01    0.0000E+00    0.0000E+00    0.0000E+00   -2.2448E-05
  990    5.3359E-01   -8.2018E-01    0.0000E+00    0.0000E+00    0.0000E+00   -1.5355E-05
  991    5.5644E-01   -7.1920E-01    0.0000E+00    0.0000E+00    0.0000E+00   -2.6167E-05
  992    5.6634E-01   -7.5372E-01    0.0000E+00    0.0000E+00    0.0000E+00   -2.1568E-05
  993    5.8267E-01   -7.8797E-01    0.0000E+00    0.0000E+00    0.0000E+00   -1.4783E-05
  994    5.9953E-01   -6.9558E-01    0.0000E+00    0.0000E+00    0.0000E+00   -2.4881E-05
  995    6.1068E-01   -7.2446E-01    0.0000E+00    0.0000E+00    0.0000E+00   -2.0652E-05
  996    6.2856E-01   -7.5379E-01    0.0000E+00    0.0000E+00    0.0000E+00   -1.4219E-05
  997    6.3527E-01   -6.7421E-01    0.0000E+00    0.0000E+00    0.0000E+00   -2.3656E-05
  998    6.4976E-01   -6.9419E-01    0.0000E+00    0.0000E+00    0.0000E+00   -1.9954E-05
  999    6.7064E-01   -7.1782E-01    0.0000E+00    0.0000E+00    0.0000E+00   -1.3853E-05
 1000    7.0941E-01   -6.7936E-01    0.0000E+00    0.0000E+00    0.0000E+00   -1.3883E-05
 1001    7.4589E-01   -6.3768E-01    0.0000E+00    0.0000E+00    0.0000E+00   -1.4260E-05
 1002    7.8041E-01   -5.9269E-01    0.0000E+00    0.0000E+00    0.0000E+00   -1.4794E-05
 1003    8.1290E-01   -5.4465E-01    0.0000E+00    0.0000E+00    0.0000E+00   -1.5349E-05
 1004    8.4301E-01   -4.9392E-01    0.0000E+00    0.0000E+00    0.0000E+00   -1.5874E-05
 1005    8.7036E-01   -4.4093E-01    0.0000E+00    0.0000E+00    0.0000E+00   -1.6355E-05
 1006    8.9466E-01   -3.8603E-01    0.0000E+00    0.0000E+00    0.0000E+00   -1.6791E-05
 1007    9.1571E-01   -3.2951E-01    0.0000E+00    0.0000E+00    0.0000E+00   -1.7183E-05
 1008    9.3337E-01   -2.7165E-01    0.0000E+00    0.0000E+00    0.0000E+00   -1.7531E-05
 1009    9.4756E-01   -2.1268E-01    0.0000E+00    0.0000E+00    0.0000E+00   -1.7825E-05
 1010    9.5827E-01   -1.5281E-01    0.0000E+00    0.0000E+00    0.0000E+00   -1.8056E-05
 1011    9.6542E-01   -9.2197E-02    0.0000E+00    0.0000E+00    0.0000E+00   -1.8219E-05
 1012    9.6905E-01   -3.0905E-02    0.0000E+00    0.0000E+00    0.0000E+00   -1.8300E-05
 1013    6.8355E-01   -6.6070E-01    0.0000E+00    0.0000E+00    0.0000E+00   -1.9966E-05
 1014    7.1445E-01   -6.2207E-01    0.0000E+00    0.0000E+00    0.0000E+00   -2.0667E-05
 1015    7.4420E-01   -5.7880E-01    0.0000E+00    0.0000E+00    0.0000E+00   -2.1559E-05
 1016    7.7278E-01   -5.3178E-01    0.0000E+00    0.0000E+00    0.0000E+00   -2.2436E-05
 1017    7.9958E-01   -4.8186E-01    0.0000E+00    0.0000E+00    0.0000E+00   -2.3241E-05
 1018    8.2399E-01   -4.2968E-01    0.0000E+00    0.0000E+00    0.0000E+00   -2.3967E-05
 1019    8.4561E-01   -3.7572E-01    0.0000E+00    0.0000E+00    0.0000E+00   -2.4618E-05
 1020    8.6419E-01   -3.2033E-01    0.0000E+00    0.0000E+00    0.0000E+00   -2.5200E-05
 1021    8.7961E-01   -2.6377E-01    0.0000E+00    0.0000E+00    0.0000E+00   -2.5709E-05
 1022    8.9186E-01   -2.0629E-01    0.0000E+00    0.0000E+00    0.0000E+00   -2.6138E-05
 1023    9.0101E-01   -1.4807E-01    0.0000E+00    0.0000E+00    0.0000E+00   -2.6473E-05
 1024    9.0704E-01   -8.9264E-02    0.0000E+00    0.0000E+00    0.0000E+00   -2.6710E-05
 1025    9.1024E-01   -2.9964E-02    0.0000E+00    0.0000E+00    0.0000E+00   -2.6814E-05
 1026    6.6092E-01   -6.4889E-01    0.0000E+00    0.0000E+00    0.0000E+00   -2.3650E-05
 1027    6.8279E-01   -6.1387E-01    0.0000E+00    0.0000E+00    0.0000E+00   -2.4888E-05
 1028    7.0699E-01   -5.7197E-01    0.0000E+00    0.0000E+00    0.0000E+00   -2.6159E-05
 1029    7.3182E-01   -5.2546E-01    0.0000E+00    0.0000E+00    0.0000E+00   -2.7314E-05
 1030    7.5574E-01   -4.7577E-01    0.0000E+00    0.0000E+00    0.0000E+00   -2.8341E-05
 1031    7.7770E-01   -4.2381E-01    0.0000E+00    0.0000E+00    0.0000E+00   -2.9253E-05
 1032    7.9708E-01   -3.7018E-01    0.0000E+00    0.0000E+00    0.0000E+00   -3.0067E-05
 1033    8.1360E-01   -3.1526E-01    0.0000E+00    0.0000E+00    0.0000E+00   -3.0788E-05
 1034    8.2713E-01   -2.5934E-01    0.0000E+00    0.0000E+00    0.0000E+00   -3.1417E-05
 1035    8.3772E-01   -2.0262E-01    0.0000E+00    0.0000E+00    0.0000E+00   -3.1944E-05
 1036    8.4551E-01   -1.4528E-01    0.0000E+00    0.0000E+00    0.0000E+00   -3.2357E-05
 1037    8.5055E-01   -8.7483E-02    0.0000E+00    0.0000E+00    0.0000E+00   -3.2647E-05
 1038    8.5328E-01   -2.9327E-02    0.0000E+00    0.0000E+00    0.0000E+00   -3.2783E-05
