       1    0.000000E+00    0.000000E+00   -2.322315E-05
       2    0.000000E+00    0.000000E+00   -3.291766E-05
       3    0.000000E+00    0.000000E+00   -1.845413E-05
       4    0.000000E+00    0.000000E+00   -1.730401E-05
       5    0.000000E+00    0.000000E+00   -1.723866E-05
       6    0.000000E+00    0.000000E+00   -2.948049E-05
       7    0.000000E+00    0.000000E+00   -2.960641E-05
       8    0.000000E+00    0.000000E+00   -3.342776E-05
       9    0.000000E+00    0.000000E+00   -3.434635E-05
      10    0.000000E+00    0.000000E+00   -2.951250E-05
      11    0.000000E+00    0.000000E+00   -2.957151E-05
      12    0.000000E+00    0.000000E+00   -2.330753E-05
      13    0.000000E+00    0.000000E+00   -3.064353E-05
      14    0.000000E+00    0.000000E+00   -1.893698E-05
      15    0.000000E+00    0.000000E+00   -3.289049E-05
      16    0.000000E+00    0.000000E+00   -1.629793E-05
      17    0.000000E+00    0.000000E+00   -5.433379E-05
      18    0.000000E+00    0.000000E+00   -3.333458E-05
      19    0.000000E+00    0.000000E+00   -1.741718E-05
      20    0.000000E+00    0.000000E+00   -1.872632E-05
      21    0.000000E+00    0.000000E+00   -1.871503E-05
      22    0.000000E+00    0.000000E+00   -1.739456E-05
      23    0.000000E+00    0.000000E+00   -1.857591E-05
      24    0.000000E+00    0.000000E+00   -3.336352E-05
      25    0.000000E+00    0.000000E+00   -2.935275E-05
      26    0.000000E+00    0.000000E+00   -3.420362E-05
      27    0.000000E+00    0.000000E+00   -2.954228E-05
      28    0.000000E+00    0.000000E+00   -2.300094E-05
      29    0.000000E+00    0.000000E+00   -2.320119E-05
      30    0.000000E+00    0.000000E+00   -1.927125E-05
      31    0.000000E+00    0.000000E+00   -1.969667E-05
      32    0.000000E+00    0.000000E+00   -4.170868E-05
      33    0.000000E+00    0.000000E+00   -3.017617E-05
      34    0.000000E+00    0.000000E+00   -1.847219E-05
      35    0.000000E+00    0.000000E+00   -2.927386E-05
      36    0.000000E+00    0.000000E+00   -2.923570E-05
      37    0.000000E+00    0.000000E+00   -2.381526E-05
      38    0.000000E+00    0.000000E+00   -2.321266E-05
      39    0.000000E+00    0.000000E+00   -1.728513E-05
      40    0.000000E+00    0.000000E+00   -3.031059E-05
      41    0.000000E+00    0.000000E+00   -3.339541E-05
      42    0.000000E+00    0.000000E+00   -1.947981E-05
      43    0.000000E+00    0.000000E+00   -1.864235E-05
      44    0.000000E+00    0.000000E+00   -2.319251E-05
      45    0.000000E+00    0.000000E+00   -2.993397E-05
      46    0.000000E+00    0.000000E+00   -1.940836E-05
      47    0.000000E+00    0.000000E+00   -1.830771E-05
      48    0.000000E+00    0.000000E+00   -1.877910E-05
      49    0.000000E+00    0.000000E+00   -1.883590E-05
      50    0.000000E+00    0.000000E+00   -2.349165E-05
      51    0.000000E+00    0.000000E+00   -1.957210E-05
      52    0.000000E+00    0.000000E+00   -2.452764E-05
      53    0.000000E+00    0.000000E+00   -2.213377E-05
      54    0.000000E+00    0.000000E+00   -3.168395E-05
      55    0.000000E+00    0.000000E+00   -3.408734E-05
      56    0.000000E+00    0.000000E+00   -2.992928E-05
      57    0.000000E+00    0.000000E+00   -1.943679E-05
      58    0.000000E+00    0.000000E+00   -2.989190E-05
      59    0.000000E+00    0.000000E+00   -1.957748E-05
      60    0.000000E+00    0.000000E+00   -1.988723E-05
      61    0.000000E+00    0.000000E+00   -2.994134E-05
      62    0.000000E+00    0.000000E+00   -2.291174E-05
      63    0.000000E+00    0.000000E+00   -1.950092E-05
      64    0.000000E+00    0.000000E+00   -1.929448E-05
      65    0.000000E+00    0.000000E+00   -4.466457E-05
      66    0.000000E+00    0.000000E+00   -1.929488E-05
      67    0.000000E+00    0.000000E+00   -3.799643E-05
      68    0.000000E+00    0.000000E+00   -1.729469E-05
      69    0.000000E+00    0.000000E+00   -3.345365E-05
      70    0.000000E+00    0.000000E+00   -1.731980E-05
      71    0.000000E+00    0.000000E+00   -3.408415E-05
      72    0.000000E+00    0.000000E+00   -1.861731E-05
      73    0.000000E+00    0.000000E+00   -4.778043E-05
      74    0.000000E+00    0.000000E+00   -1.948630E-05
      75    0.000000E+00    0.000000E+00   -1.734383E-05
      76    0.000000E+00    0.000000E+00   -1.710459E-05
      77    0.000000E+00    0.000000E+00   -3.348349E-05
      78    0.000000E+00    0.000000E+00   -1.866588E-05
      79    0.000000E+00    0.000000E+00   -3.374035E-05
      80    0.000000E+00    0.000000E+00   -1.828719E-05
      81    0.000000E+00    0.000000E+00   -1.992264E-05
      82    0.000000E+00    0.000000E+00   -1.954592E-05
      83    0.000000E+00    0.000000E+00   -1.730561E-05
      84    0.000000E+00    0.000000E+00   -1.735690E-05
      85    0.000000E+00    0.000000E+00   -2.984045E-05
      86    0.000000E+00    0.000000E+00   -1.850641E-05
      87    0.000000E+00    0.000000E+00   -3.005042E-05
      88    0.000000E+00    0.000000E+00   -1.843435E-05
      89    0.000000E+00    0.000000E+00   -3.011959E-05
      90    0.000000E+00    0.000000E+00   -1.859610E-05
      91    0.000000E+00    0.000000E+00   -4.952257E-05
      92    0.000000E+00    0.000000E+00   -2.316557E-05
      93    0.000000E+00    0.000000E+00   -4.311055E-05
      94    0.000000E+00    0.000000E+00   -1.724001E-05
      95    0.000000E+00    0.000000E+00   -1.922866E-05
      96    0.000000E+00    0.000000E+00   -1.726267E-05
      97    0.000000E+00    0.000000E+00   -4.499059E-05
      98    0.000000E+00    0.000000E+00   -1.790232E-05
      99    0.000000E+00    0.000000E+00   -4.163518E-05
     100    0.000000E+00    0.000000E+00   -1.741794E-05
     101    0.000000E+00    0.000000E+00   -3.090844E-05
     102    0.000000E+00    0.000000E+00   -1.929798E-05
     103    0.000000E+00    0.000000E+00   -2.963110E-05
     104    0.000000E+00    0.000000E+00   -1.733303E-05
     105    0.000000E+00    0.000000E+00   -2.984528E-05
     106    0.000000E+00    0.000000E+00   -2.315471E-05
     107    0.000000E+00    0.000000E+00   -2.295438E-05
     108    0.000000E+00    0.000000E+00   -2.298669E-05
     109    0.000000E+00    0.000000E+00   -2.325860E-05
     110    0.000000E+00    0.000000E+00   -2.339220E-05
     111    0.000000E+00    0.000000E+00   -2.251010E-05
     112    0.000000E+00    0.000000E+00   -1.778854E-05
     113    0.000000E+00    0.000000E+00   -3.312676E-05
     114    0.000000E+00    0.000000E+00   -1.811615E-05
     115    0.000000E+00    0.000000E+00   -3.756433E-05
     116    0.000000E+00    0.000000E+00   -1.932334E-05
     117    0.000000E+00    0.000000E+00   -4.878795E-05
     118    0.000000E+00    0.000000E+00   -1.874120E-05
     119    0.000000E+00    0.000000E+00   -3.026562E-05
     120    0.000000E+00    0.000000E+00   -1.850226E-05
     121    0.000000E+00    0.000000E+00   -3.322442E-05
     122    0.000000E+00    0.000000E+00   -2.246835E-05
     123    0.000000E+00    0.000000E+00   -2.321998E-05
     124    0.000000E+00    0.000000E+00   -2.312405E-05
     125    0.000000E+00    0.000000E+00   -2.299523E-05
     126    0.000000E+00    0.000000E+00   -2.297087E-05
     127    0.000000E+00    0.000000E+00   -2.297423E-05
     128    0.000000E+00    0.000000E+00   -2.299053E-05
     129    0.000000E+00    0.000000E+00   -2.310276E-05
     130    0.000000E+00    0.000000E+00   -2.321701E-05
     131    0.000000E+00    0.000000E+00   -2.259537E-05
     132    0.000000E+00    0.000000E+00   -2.349898E-05
     133    0.000000E+00    0.000000E+00   -2.256903E-05
     134    0.000000E+00    0.000000E+00   -1.730891E-05
     135    0.000000E+00    0.000000E+00   -3.027998E-05
     136    0.000000E+00    0.000000E+00   -2.309249E-05
     137    0.000000E+00    0.000000E+00   -2.304422E-05
     138    0.000000E+00    0.000000E+00   -2.306279E-05
     139    0.000000E+00    0.000000E+00   -2.224775E-05
     140    0.000000E+00    0.000000E+00   -3.024022E-05
     141    0.000000E+00    0.000000E+00   -1.911616E-05
     142    0.000000E+00    0.000000E+00   -1.947283E-05
     143    0.000000E+00    0.000000E+00   -3.736998E-05
     144    0.000000E+00    0.000000E+00   -1.873531E-05
     145    0.000000E+00    0.000000E+00   -3.216132E-05
     146    0.000000E+00    0.000000E+00   -2.172664E-05
     147    0.000000E+00    0.000000E+00   -2.395274E-05
     148    0.000000E+00    0.000000E+00   -2.343239E-05
     149    0.000000E+00    0.000000E+00   -2.258127E-05
     150    0.000000E+00    0.000000E+00   -2.345289E-05
     151    0.000000E+00    0.000000E+00   -2.253355E-05
     152    0.000000E+00    0.000000E+00   -1.727938E-05
     153    0.000000E+00    0.000000E+00   -3.022256E-05
     154    0.000000E+00    0.000000E+00   -2.302960E-05
     155    0.000000E+00    0.000000E+00   -2.289288E-05
     156    0.000000E+00    0.000000E+00   -2.290017E-05
     157    0.000000E+00    0.000000E+00   -2.305518E-05
     158    0.000000E+00    0.000000E+00   -2.347227E-05
     159    0.000000E+00    0.000000E+00   -2.367544E-05
     160    0.000000E+00    0.000000E+00   -2.337630E-05
     161    0.000000E+00    0.000000E+00   -2.302276E-05
     162    0.000000E+00    0.000000E+00   -3.336443E-05
     163    0.000000E+00    0.000000E+00   -3.826614E-05
     164    0.000000E+00    0.000000E+00   -3.064962E-05
     165    0.000000E+00    0.000000E+00   -3.342218E-05
     166    0.000000E+00    0.000000E+00   -2.950897E-05
     167    0.000000E+00    0.000000E+00   -3.858935E-05
     168    0.000000E+00    0.000000E+00   -2.974799E-05
     169    0.000000E+00    0.000000E+00   -3.815245E-05
     170    0.000000E+00    0.000000E+00   -2.987124E-05
     171    0.000000E+00    0.000000E+00   -2.959776E-05
     172    0.000000E+00    0.000000E+00   -3.448902E-05
     173    0.000000E+00    0.000000E+00   -3.056521E-05
     174    0.000000E+00    0.000000E+00   -4.280696E-05
     175    0.000000E+00    0.000000E+00   -2.960716E-05
     176    0.000000E+00    0.000000E+00   -3.417213E-05
     177    0.000000E+00    0.000000E+00   -2.945312E-05
     178    0.000000E+00    0.000000E+00   -2.946310E-05
     179    0.000000E+00    0.000000E+00   -2.948523E-05
     180    0.000000E+00    0.000000E+00   -2.994449E-05
     181    0.000000E+00    0.000000E+00   -3.337389E-05
     182    0.000000E+00    0.000000E+00   -3.090081E-05
     183    0.000000E+00    0.000000E+00   -2.961469E-05
     184    0.000000E+00    0.000000E+00   -3.360872E-05
     185    0.000000E+00    0.000000E+00   -2.949328E-05
     186    0.000000E+00    0.000000E+00   -3.281494E-05
     187    0.000000E+00    0.000000E+00   -3.319082E-05
     188    0.000000E+00    0.000000E+00   -3.030692E-05
     189    0.000000E+00    0.000000E+00   -4.365076E-05
     190    0.000000E+00    0.000000E+00   -3.003755E-05
     191    0.000000E+00    0.000000E+00   -3.688828E-05
     192    0.000000E+00    0.000000E+00   -3.036999E-05
     193    0.000000E+00    0.000000E+00   -3.059917E-05
     194    0.000000E+00    0.000000E+00   -2.995880E-05
     195    0.000000E+00    0.000000E+00   -5.954255E-05
     196    0.000000E+00    0.000000E+00   -2.944610E-05
     197    0.000000E+00    0.000000E+00   -4.478765E-05
     198    0.000000E+00    0.000000E+00   -3.298993E-05
     199    0.000000E+00    0.000000E+00   -2.864998E-05
     200    0.000000E+00    0.000000E+00   -3.342455E-05
     201    0.000000E+00    0.000000E+00   -4.534168E-05
     202    0.000000E+00    0.000000E+00   -2.932107E-05
     203    0.000000E+00    0.000000E+00   -4.768564E-05
     204    0.000000E+00    0.000000E+00   -3.065197E-05
     205    0.000000E+00    0.000000E+00   -4.352182E-05
     206    0.000000E+00    0.000000E+00   -3.063930E-05
     207    0.000000E+00    0.000000E+00   -4.888575E-05
     208    0.000000E+00    0.000000E+00   -3.323528E-05
     209    0.000000E+00    0.000000E+00   -2.956933E-05
     210    0.000000E+00    0.000000E+00   -2.332311E-05
     211    0.000000E+00    0.000000E+00   -2.309240E-05
     212    0.000000E+00    0.000000E+00   -2.332203E-05
     213    0.000000E+00    0.000000E+00   -2.318906E-05
     214    0.000000E+00    0.000000E+00   -2.386715E-05
     215    0.000000E+00    0.000000E+00   -2.320229E-05
     216    0.000000E+00    0.000000E+00   -2.314918E-05
     217    0.000000E+00    0.000000E+00   -3.036216E-05
     218    0.000000E+00    0.000000E+00   -2.368845E-05
     219    0.000000E+00    0.000000E+00   -2.429766E-05
     220    0.000000E+00    0.000000E+00   -1.878683E-05
     221    0.000000E+00    0.000000E+00   -3.956188E-05
     222    0.000000E+00    0.000000E+00   -1.842036E-05
     223    0.000000E+00    0.000000E+00   -3.229846E-05
     224    0.000000E+00    0.000000E+00   -3.030294E-05
     225    0.000000E+00    0.000000E+00   -1.880461E-05
     226    0.000000E+00    0.000000E+00   -2.329480E-05
     227    0.000000E+00    0.000000E+00   -2.332711E-05
     228    0.000000E+00    0.000000E+00   -1.885861E-05
     229    0.000000E+00    0.000000E+00   -3.049805E-05
     230    0.000000E+00    0.000000E+00   -2.331946E-05
     231    0.000000E+00    0.000000E+00   -2.337413E-05
     232    0.000000E+00    0.000000E+00   -3.706463E-05
     233    0.000000E+00    0.000000E+00   -3.974269E-05
     234    0.000000E+00    0.000000E+00   -3.441840E-05
     235    0.000000E+00    0.000000E+00   -3.766964E-05
     236    0.000000E+00    0.000000E+00   -4.502210E-05
     237    0.000000E+00    0.000000E+00   -3.918636E-05
     238    0.000000E+00    0.000000E+00   -3.048144E-05
     239    0.000000E+00    0.000000E+00   -3.775860E-05
     240    0.000000E+00    0.000000E+00   -3.936940E-05
     241    0.000000E+00    0.000000E+00   -3.293057E-05
     242    0.000000E+00    0.000000E+00   -3.287464E-05
     243    0.000000E+00    0.000000E+00   -3.291035E-05
     244    0.000000E+00    0.000000E+00   -3.040862E-05
     245    0.000000E+00    0.000000E+00   -3.809901E-05
     246    0.000000E+00    0.000000E+00   -3.227688E-05
     247    0.000000E+00    0.000000E+00   -3.956121E-05
     248    0.000000E+00    0.000000E+00   -3.333178E-05
     249    0.000000E+00    0.000000E+00   -3.816813E-05
     250    0.000000E+00    0.000000E+00   -3.013792E-05
     251    0.000000E+00    0.000000E+00   -3.765927E-05
     252    0.000000E+00    0.000000E+00   -3.296080E-05
     253    0.000000E+00    0.000000E+00   -3.237803E-05
     254    0.000000E+00    0.000000E+00   -4.019083E-05
     255    0.000000E+00    0.000000E+00   -3.730198E-05
     256    0.000000E+00    0.000000E+00   -3.755583E-05
     257    0.000000E+00    0.000000E+00   -3.929028E-05
     258    0.000000E+00    0.000000E+00   -3.943919E-05
     259    0.000000E+00    0.000000E+00   -4.332142E-05
     260    0.000000E+00    0.000000E+00   -4.290965E-05
     261    0.000000E+00    0.000000E+00   -3.707192E-05
     262    0.000000E+00    0.000000E+00   -3.741463E-05
     263    0.000000E+00    0.000000E+00   -4.531289E-05
     264    0.000000E+00    0.000000E+00   -4.092038E-05
     265    0.000000E+00    0.000000E+00   -3.814521E-05
     266    0.000000E+00    0.000000E+00   -3.123847E-05
     267    0.000000E+00    0.000000E+00   -3.914412E-05
     268    0.000000E+00    0.000000E+00   -4.411812E-05
     269    0.000000E+00    0.000000E+00   -3.713348E-05
     270    0.000000E+00    0.000000E+00   -3.978434E-05
     271    0.000000E+00    0.000000E+00   -3.793431E-05
     272    0.000000E+00    0.000000E+00   -3.278581E-05
     273    0.000000E+00    0.000000E+00   -3.011755E-05
     274    0.000000E+00    0.000000E+00   -3.323522E-05
     275    0.000000E+00    0.000000E+00   -3.046993E-05
     276    0.000000E+00    0.000000E+00   -3.258134E-05
     277    0.000000E+00    0.000000E+00   -3.752092E-05
     278    0.000000E+00    0.000000E+00   -3.479585E-05
     279    0.000000E+00    0.000000E+00   -3.815990E-05
     280    0.000000E+00    0.000000E+00   -4.384838E-05
     281    0.000000E+00    0.000000E+00   -4.345919E-05
     282    0.000000E+00    0.000000E+00   -3.751547E-05
     283    0.000000E+00    0.000000E+00   -4.298798E-05
     284    0.000000E+00    0.000000E+00   -3.809596E-05
     285    0.000000E+00    0.000000E+00   -3.870055E-05
     286    0.000000E+00    0.000000E+00   -3.923743E-05
     287    0.000000E+00    0.000000E+00   -4.485470E-05
     288    0.000000E+00    0.000000E+00   -4.520351E-05
     289    0.000000E+00    0.000000E+00   -3.953873E-05
     290    0.000000E+00    0.000000E+00   -4.002413E-05
     291    0.000000E+00    0.000000E+00   -3.951508E-05
     292    0.000000E+00    0.000000E+00   -3.943743E-05
     293    0.000000E+00    0.000000E+00   -3.774586E-05
     294    0.000000E+00    0.000000E+00   -3.309688E-05
     295    0.000000E+00    0.000000E+00   -4.205397E-05
     296    0.000000E+00    0.000000E+00   -3.391803E-05
     297    0.000000E+00    0.000000E+00   -3.950385E-05
     298    0.000000E+00    0.000000E+00   -4.293805E-05
     299    0.000000E+00    0.000000E+00   -3.975107E-05
     300    0.000000E+00    0.000000E+00   -5.170955E-05
     301    0.000000E+00    0.000000E+00   -4.348808E-05
     302    0.000000E+00    0.000000E+00   -4.314088E-05
     303    0.000000E+00    0.000000E+00   -4.812085E-05
     304    0.000000E+00    0.000000E+00   -4.841037E-05
     305    0.000000E+00    0.000000E+00   -4.290709E-05
     306    0.000000E+00    0.000000E+00   -3.847208E-05
     307    0.000000E+00    0.000000E+00   -4.356921E-05
     308    0.000000E+00    0.000000E+00   -4.752541E-05
     309    0.000000E+00    0.000000E+00   -4.534362E-05
     310    0.000000E+00    0.000000E+00   -3.780713E-05
     311    0.000000E+00    0.000000E+00   -4.029230E-05
     312    0.000000E+00    0.000000E+00   -5.683652E-05
     313    0.000000E+00    0.000000E+00   -4.340563E-05
     314    0.000000E+00    0.000000E+00   -4.054458E-05
     315    0.000000E+00    0.000000E+00   -4.190455E-05
     316    0.000000E+00    0.000000E+00   -4.039205E-05
     317    0.000000E+00    0.000000E+00   -4.813348E-05
     318    0.000000E+00    0.000000E+00   -4.463294E-05
     319    0.000000E+00    0.000000E+00   -4.915413E-05
     320    0.000000E+00    0.000000E+00   -4.122869E-05
     321    0.000000E+00    0.000000E+00   -5.283467E-05
     322    0.000000E+00    0.000000E+00   -4.066604E-05
     323    0.000000E+00    0.000000E+00   -4.928540E-05
     324    0.000000E+00    0.000000E+00   -4.048349E-05
     325    0.000000E+00    0.000000E+00   -3.810423E-05
     326    0.000000E+00    0.000000E+00   -4.007670E-05
     327    0.000000E+00    0.000000E+00   -3.799797E-05
     328    0.000000E+00    0.000000E+00   -4.826492E-05
     329    0.000000E+00    0.000000E+00   -4.912560E-05
     330    0.000000E+00    0.000000E+00   -3.772507E-05
     331    0.000000E+00    0.000000E+00   -4.334572E-05
     332    0.000000E+00    0.000000E+00   -4.039684E-05
     333    0.000000E+00    0.000000E+00   -3.825038E-05
     334    0.000000E+00    0.000000E+00   -3.815879E-05
     335    0.000000E+00    0.000000E+00   -5.329573E-05
     336    0.000000E+00    0.000000E+00   -3.820003E-05
     337    0.000000E+00    0.000000E+00   -3.845699E-05
     338    0.000000E+00    0.000000E+00   -3.775035E-05
     339    0.000000E+00    0.000000E+00   -4.387258E-05
     340    0.000000E+00    0.000000E+00   -3.333638E-05
     341    0.000000E+00    0.000000E+00   -3.883973E-05
     342    0.000000E+00    0.000000E+00   -3.396313E-05
     343    0.000000E+00    0.000000E+00   -3.771321E-05
     344    0.000000E+00    0.000000E+00   -3.435426E-05
     345    0.000000E+00    0.000000E+00   -3.754906E-05
     346    0.000000E+00    0.000000E+00   -3.408757E-05
     347    0.000000E+00    0.000000E+00   -4.076492E-05
     348    0.000000E+00    0.000000E+00   -3.337855E-05
     349    0.000000E+00    0.000000E+00   -4.084531E-05
     350    0.000000E+00    0.000000E+00   -3.403560E-05
     351    0.000000E+00    0.000000E+00   -4.055532E-05
     352    0.000000E+00    0.000000E+00   -3.331630E-05
     353    0.000000E+00    0.000000E+00   -3.814021E-05
     354    0.000000E+00    0.000000E+00   -3.331694E-05
     355    0.000000E+00    0.000000E+00   -3.845310E-05
     356    0.000000E+00    0.000000E+00   -3.488223E-05
     357    0.000000E+00    0.000000E+00   -3.823628E-05
     358    0.000000E+00    0.000000E+00   -3.358065E-05
     359    0.000000E+00    0.000000E+00   -4.023507E-05
     360    0.000000E+00    0.000000E+00   -3.339958E-05
     361    0.000000E+00    0.000000E+00   -3.805268E-05
     362    0.000000E+00    0.000000E+00   -3.316396E-05
     363    0.000000E+00    0.000000E+00   -3.774865E-05
     364    0.000000E+00    0.000000E+00   -3.393239E-05
     365    0.000000E+00    0.000000E+00   -4.043547E-05
     366    0.000000E+00    0.000000E+00   -3.347718E-05
     367    0.000000E+00    0.000000E+00   -4.021004E-05
     368    0.000000E+00    0.000000E+00   -3.411421E-05
     369    0.000000E+00    0.000000E+00   -4.004931E-05
     370    0.000000E+00    0.000000E+00   -4.963975E-05
     371    0.000000E+00    0.000000E+00   -3.760776E-05
     372    0.000000E+00    0.000000E+00   -4.907673E-05
     373    0.000000E+00    0.000000E+00   -5.509084E-05
     374    0.000000E+00    0.000000E+00   -5.532011E-05
     375    0.000000E+00    0.000000E+00   -3.884501E-05
     376    0.000000E+00    0.000000E+00   -4.038787E-05
     377    0.000000E+00    0.000000E+00   -4.580728E-05
     378    0.000000E+00    0.000000E+00   -4.361961E-05
     379    0.000000E+00    0.000000E+00   -4.990731E-05
     380    0.000000E+00    0.000000E+00   -3.855899E-05
     381    0.000000E+00    0.000000E+00   -4.577870E-05
     382    0.000000E+00    0.000000E+00   -4.187389E-05
     383    0.000000E+00    0.000000E+00   -3.826649E-05
     384    0.000000E+00    0.000000E+00   -4.412826E-05
     385    0.000000E+00    0.000000E+00   -3.813065E-05
     386    0.000000E+00    0.000000E+00   -4.493813E-05
     387    0.000000E+00    0.000000E+00   -4.494404E-05
     388    0.000000E+00    0.000000E+00   -4.081446E-05
     389    0.000000E+00    0.000000E+00   -3.797357E-05
     390    0.000000E+00    0.000000E+00   -4.904554E-05
     391    0.000000E+00    0.000000E+00   -3.797401E-05
     392    0.000000E+00    0.000000E+00   -4.560640E-05
     393    0.000000E+00    0.000000E+00   -3.787367E-05
     394    0.000000E+00    0.000000E+00   -4.424977E-05
     395    0.000000E+00    0.000000E+00   -4.537679E-05
     396    0.000000E+00    0.000000E+00   -4.291893E-05
     397    0.000000E+00    0.000000E+00   -3.844623E-05
     398    0.000000E+00    0.000000E+00   -5.118279E-05
     399    0.000000E+00    0.000000E+00   -4.570749E-05
     400    0.000000E+00    0.000000E+00   -4.786655E-05
     401    0.000000E+00    0.000000E+00   -5.250060E-05
     402    0.000000E+00    0.000000E+00   -4.388867E-05
     403    0.000000E+00    0.000000E+00   -4.320384E-05
     404    0.000000E+00    0.000000E+00   -5.174180E-05
     405    0.000000E+00    0.000000E+00   -4.813564E-05
     406    0.000000E+00    0.000000E+00   -4.709360E-05
     407    0.000000E+00    0.000000E+00   -4.542687E-05
     408    0.000000E+00    0.000000E+00   -5.495594E-05
     409    0.000000E+00    0.000000E+00   -4.801730E-05
     410    0.000000E+00    0.000000E+00   -5.192001E-05
     411    0.000000E+00    0.000000E+00   -4.808795E-05
     412    0.000000E+00    0.000000E+00   -4.035804E-05
     413    0.000000E+00    0.000000E+00   -4.060965E-05
     414    0.000000E+00    0.000000E+00   -4.021541E-05
     415    0.000000E+00    0.000000E+00   -4.061020E-05
     416    0.000000E+00    0.000000E+00   -4.529118E-05
     417    0.000000E+00    0.000000E+00   -4.399957E-05
     418    0.000000E+00    0.000000E+00   -4.746728E-05
     419    0.000000E+00    0.000000E+00   -4.369818E-05
     420    0.000000E+00    0.000000E+00   -4.051256E-05
     421    0.000000E+00    0.000000E+00   -4.491561E-05
     422    0.000000E+00    0.000000E+00   -4.416552E-05
     423    0.000000E+00    0.000000E+00   -4.826490E-05
     424    0.000000E+00    0.000000E+00   -4.039026E-05
     425    0.000000E+00    0.000000E+00   -4.091768E-05
     426    0.000000E+00    0.000000E+00   -4.408289E-05
     427    0.000000E+00    0.000000E+00   -4.545267E-05
     428    0.000000E+00    0.000000E+00   -4.785543E-05
     429    0.000000E+00    0.000000E+00   -4.489816E-05
     430    0.000000E+00    0.000000E+00   -4.377412E-05
     431    0.000000E+00    0.000000E+00   -4.362365E-05
     432    0.000000E+00    0.000000E+00   -4.104790E-05
     433    0.000000E+00    0.000000E+00   -3.314052E-05
     434    0.000000E+00    0.000000E+00   -4.671599E-05
     435    0.000000E+00    0.000000E+00   -4.518204E-05
     436    0.000000E+00    0.000000E+00   -4.930241E-05
     437    0.000000E+00    0.000000E+00   -5.283307E-05
     438    0.000000E+00    0.000000E+00   -4.777016E-05
     439    0.000000E+00    0.000000E+00   -5.151209E-05
     440    0.000000E+00    0.000000E+00   -5.253125E-05
     441    0.000000E+00    0.000000E+00   -5.088502E-05
     442    0.000000E+00    0.000000E+00   -5.264525E-05
     443    0.000000E+00    0.000000E+00   -5.462447E-05
     444    0.000000E+00    0.000000E+00   -4.975681E-05
     445    0.000000E+00    0.000000E+00   -4.792658E-05
     446    0.000000E+00    0.000000E+00   -4.775543E-05
     447    0.000000E+00    0.000000E+00   -4.590908E-05
     448    0.000000E+00    0.000000E+00   -5.456186E-05
     449    0.000000E+00    0.000000E+00   -4.493477E-05
     450    0.000000E+00    0.000000E+00   -4.410547E-05
     451    0.000000E+00    0.000000E+00   -4.682852E-05
     452    0.000000E+00    0.000000E+00   -4.570379E-05
     453    0.000000E+00    0.000000E+00   -4.420676E-05
     454    0.000000E+00    0.000000E+00   -4.374042E-05
     455    0.000000E+00    0.000000E+00   -5.219702E-05
     456    0.000000E+00    0.000000E+00   -4.359201E-05
     457    0.000000E+00    0.000000E+00   -4.780613E-05
     458    0.000000E+00    0.000000E+00   -4.557459E-05
     459    0.000000E+00    0.000000E+00   -4.404615E-05
     460    0.000000E+00    0.000000E+00   -4.744485E-05
     461    0.000000E+00    0.000000E+00   -4.358619E-05
     462    0.000000E+00    0.000000E+00   -4.240289E-05
     463    0.000000E+00    0.000000E+00   -4.456316E-05
     464    0.000000E+00    0.000000E+00   -4.887118E-05
     465    0.000000E+00    0.000000E+00   -4.960776E-05
     466    0.000000E+00    0.000000E+00   -4.386884E-05
     467    0.000000E+00    0.000000E+00   -4.827582E-05
     468    0.000000E+00    0.000000E+00   -4.582492E-05
     469    0.000000E+00    0.000000E+00   -4.567350E-05
     470    0.000000E+00    0.000000E+00   -4.819777E-05
     471    0.000000E+00    0.000000E+00   -5.239728E-05
     472    0.000000E+00    0.000000E+00   -4.968061E-05
     473    0.000000E+00    0.000000E+00   -4.840380E-05
     474    0.000000E+00    0.000000E+00   -5.042419E-05
     475    0.000000E+00    0.000000E+00   -4.828772E-05
     476    0.000000E+00    0.000000E+00   -4.843041E-05
     477    0.000000E+00    0.000000E+00   -5.235908E-05
     478    0.000000E+00    0.000000E+00   -5.022276E-05
     479    0.000000E+00    0.000000E+00   -4.854081E-05
     480    0.000000E+00    0.000000E+00   -5.197681E-05
     481    0.000000E+00    0.000000E+00   -5.156616E-05
     482    0.000000E+00    0.000000E+00   -4.837501E-05
     483    0.000000E+00    0.000000E+00   -5.214764E-05
     484    0.000000E+00    0.000000E+00   -5.131820E-05
     485    0.000000E+00    0.000000E+00   -5.436282E-05
     486    0.000000E+00    0.000000E+00   -4.835611E-05
     487    0.000000E+00    0.000000E+00   -5.195090E-05
     488    0.000000E+00    0.000000E+00   -4.731939E-05
     489    0.000000E+00    0.000000E+00   -4.854742E-05
     490    0.000000E+00    0.000000E+00   -5.426416E-05
     491    0.000000E+00    0.000000E+00   -5.280749E-05
     492    0.000000E+00    0.000000E+00   -4.793876E-05
     493    0.000000E+00    0.000000E+00   -4.982414E-05
     494    0.000000E+00    0.000000E+00   -5.324053E-05
     495    0.000000E+00    0.000000E+00   -5.200724E-05
     496    0.000000E+00    0.000000E+00   -5.134141E-05
     497    0.000000E+00    0.000000E+00   -5.184914E-05
     498    0.000000E+00    0.000000E+00   -4.910446E-05
     499    0.000000E+00    0.000000E+00   -4.779738E-05
     500    0.000000E+00    0.000000E+00   -4.741198E-05
     501    0.000000E+00    0.000000E+00   -5.006752E-05
     502    0.000000E+00    0.000000E+00   -4.935364E-05
     503    0.000000E+00    0.000000E+00   -4.976953E-05
     504    0.000000E+00    0.000000E+00   -4.543151E-05
     505    0.000000E+00    0.000000E+00   -4.920620E-05
     506    0.000000E+00    0.000000E+00   -4.586146E-05
     507    0.000000E+00    0.000000E+00   -4.999089E-05
     508    0.000000E+00    0.000000E+00   -2.837896E-05
     509    0.000000E+00    0.000000E+00   -3.665123E-05
     510    0.000000E+00    0.000000E+00   -5.012236E-05
     511    0.000000E+00    0.000000E+00   -5.198435E-05
     512    0.000000E+00    0.000000E+00   -5.455906E-05
     513    0.000000E+00    0.000000E+00   -5.657564E-05
     514    0.000000E+00    0.000000E+00   -5.451812E-05
     515    0.000000E+00    0.000000E+00   -5.677070E-05
     516    0.000000E+00    0.000000E+00   -5.556117E-05
     517    0.000000E+00    0.000000E+00   -5.153548E-05
     518    0.000000E+00    0.000000E+00   -5.319912E-05
     519    0.000000E+00    0.000000E+00   -5.154860E-05
     520    0.000000E+00    0.000000E+00   -5.172157E-05
     521    0.000000E+00    0.000000E+00   -5.674572E-05
     522    0.000000E+00    0.000000E+00   -5.319612E-05
     523    0.000000E+00    0.000000E+00   -5.206468E-05
     524    0.000000E+00    0.000000E+00   -5.694190E-05
     525    0.000000E+00    0.000000E+00   -4.974676E-05
     526    0.000000E+00    0.000000E+00   -5.541117E-05
     527    0.000000E+00    0.000000E+00   -5.242566E-05
     528    0.000000E+00    0.000000E+00   -4.958091E-05
     529    0.000000E+00    0.000000E+00   -4.912413E-05
     530    0.000000E+00    0.000000E+00   -4.487098E-05
     531    0.000000E+00    0.000000E+00   -4.760801E-05
     532    0.000000E+00    0.000000E+00   -5.743115E-05
     533    0.000000E+00    0.000000E+00   -5.531286E-05
     534    0.000000E+00    0.000000E+00   -5.560017E-05
     535    0.000000E+00    0.000000E+00   -5.461703E-05
     536    0.000000E+00    0.000000E+00   -5.276641E-05
     537    0.000000E+00    0.000000E+00   -5.142846E-05
     538    0.000000E+00    0.000000E+00   -5.040494E-05
     539    0.000000E+00    0.000000E+00   -5.471375E-05
     540    0.000000E+00    0.000000E+00   -5.669484E-05
     541    0.000000E+00    0.000000E+00   -5.598186E-05
     542    0.000000E+00    0.000000E+00   -4.539418E-05
     543    0.000000E+00    0.000000E+00   -4.183975E-05
     544    0.000000E+00    0.000000E+00   -4.591401E-05
     545    0.000000E+00    0.000000E+00   -4.418046E-05
     546    0.000000E+00    0.000000E+00   -5.139030E-05
     547    0.000000E+00    0.000000E+00   -5.307514E-05
     548    0.000000E+00    0.000000E+00   -5.460693E-05
     549    0.000000E+00    0.000000E+00   -5.460789E-05
     550    0.000000E+00    0.000000E+00   -5.181623E-05
     551    0.000000E+00    0.000000E+00   -5.136792E-05
     552    0.000000E+00    0.000000E+00   -5.550384E-05
     553    0.000000E+00    0.000000E+00   -4.962633E-05
     554    0.000000E+00    0.000000E+00   -5.503130E-05
     555    0.000000E+00    0.000000E+00   -5.000056E-05
     556    0.000000E+00    0.000000E+00   -5.572174E-05
     557    0.000000E+00    0.000000E+00   -5.522684E-05
     558    0.000000E+00    0.000000E+00   -6.059559E-05
     559    0.000000E+00    0.000000E+00   -5.288712E-05
     560    0.000000E+00    0.000000E+00   -5.224409E-05
     561    0.000000E+00    0.000000E+00   -5.697391E-05
     562    0.000000E+00    0.000000E+00   -5.725535E-05
     563    0.000000E+00    0.000000E+00   -5.856905E-05
     564    0.000000E+00    0.000000E+00   -5.380972E-05
     565    0.000000E+00    0.000000E+00   -5.454863E-05
     566    0.000000E+00    0.000000E+00   -4.842041E-05
     567    0.000000E+00    0.000000E+00   -5.404659E-05
     568    0.000000E+00    0.000000E+00   -5.702690E-05
     569    0.000000E+00    0.000000E+00   -5.560832E-05
     570    0.000000E+00    0.000000E+00   -3.862963E-05
     571    0.000000E+00    0.000000E+00   -4.368813E-05
     572    0.000000E+00    0.000000E+00   -5.484482E-05
     573    0.000000E+00    0.000000E+00   -5.969319E-05
     574    0.000000E+00    0.000000E+00   -5.303459E-05
     575    0.000000E+00    0.000000E+00   -5.368687E-05
     576    0.000000E+00    0.000000E+00   -4.801496E-05
     577    0.000000E+00    0.000000E+00   -4.916300E-05
     578    0.000000E+00    0.000000E+00   -4.538551E-05
     579    0.000000E+00    0.000000E+00   -4.624450E-05
     580    0.000000E+00    0.000000E+00   -5.169301E-05
     581    0.000000E+00    0.000000E+00   -4.940114E-05
     582    0.000000E+00    0.000000E+00   -5.167179E-05
     583    0.000000E+00    0.000000E+00   -5.523922E-05
     584    0.000000E+00    0.000000E+00   -5.551896E-05
     585    0.000000E+00    0.000000E+00   -5.365974E-05
     586    0.000000E+00    0.000000E+00   -5.161267E-05
     587    0.000000E+00    0.000000E+00   -5.310547E-05
     588    0.000000E+00    0.000000E+00   -5.295864E-05
     589    0.000000E+00    0.000000E+00   -5.677799E-05
     590    0.000000E+00    0.000000E+00   -5.736807E-05
     591    0.000000E+00    0.000000E+00   -5.834105E-05
     592    0.000000E+00    0.000000E+00   -5.880419E-05
     593    0.000000E+00    0.000000E+00   -5.651783E-05
     594    0.000000E+00    0.000000E+00   -5.733509E-05
     595    0.000000E+00    0.000000E+00   -5.548911E-05
     596    0.000000E+00    0.000000E+00   -5.597279E-05
     597    0.000000E+00    0.000000E+00   -5.412714E-05
     598    0.000000E+00    0.000000E+00   -5.808268E-05
     599    0.000000E+00    0.000000E+00   -5.701077E-05
     600    0.000000E+00    0.000000E+00   -5.976167E-05
     601    0.000000E+00    0.000000E+00   -5.848310E-05
     602    0.000000E+00    0.000000E+00   -5.382709E-05
     603    0.000000E+00    0.000000E+00   -5.245653E-05
     604    0.000000E+00    0.000000E+00   -4.696454E-05
     605    0.000000E+00    0.000000E+00   -5.327519E-05
     606    0.000000E+00    0.000000E+00   -4.565510E-05
     607    0.000000E+00    0.000000E+00   -5.068692E-05
     608    0.000000E+00    0.000000E+00   -5.414112E-05
     609    0.000000E+00    0.000000E+00   -5.936009E-05
     610    0.000000E+00    0.000000E+00   -5.806346E-05
     611    0.000000E+00    0.000000E+00   -5.507046E-05
     612    0.000000E+00    0.000000E+00   -5.692186E-05
     613    0.000000E+00    0.000000E+00   -5.645208E-05
     614    0.000000E+00    0.000000E+00   -5.228603E-05
     615    0.000000E+00    0.000000E+00   -5.488298E-05
     616    0.000000E+00    0.000000E+00   -5.463694E-05
     617    0.000000E+00    0.000000E+00   -5.722712E-05
     618    0.000000E+00    0.000000E+00   -5.934530E-05
     619    0.000000E+00    0.000000E+00   -5.746125E-05
     620    0.000000E+00    0.000000E+00   -5.661204E-05
     621    0.000000E+00    0.000000E+00   -5.891431E-05
     622    0.000000E+00    0.000000E+00   -5.595718E-05
     623    0.000000E+00    0.000000E+00   -5.517339E-05
     624    0.000000E+00    0.000000E+00   -5.735114E-05
     625    0.000000E+00    0.000000E+00   -5.669542E-05
     626    0.000000E+00    0.000000E+00   -5.678008E-05
     627    0.000000E+00    0.000000E+00   -5.866132E-05
     628    0.000000E+00    0.000000E+00   -5.535646E-05
     629    0.000000E+00    0.000000E+00   -5.594077E-05
     630    0.000000E+00    0.000000E+00   -5.840857E-05
     631    0.000000E+00    0.000000E+00   -5.995327E-05
     632    0.000000E+00    0.000000E+00   -5.807046E-05
     633    0.000000E+00    0.000000E+00   -5.664907E-05
     634    0.000000E+00    0.000000E+00   -5.882533E-05
     635    0.000000E+00    0.000000E+00   -5.843968E-05
     636    0.000000E+00    0.000000E+00   -5.241645E-05
     637    0.000000E+00    0.000000E+00   -5.553691E-05
     638    0.000000E+00    0.000000E+00   -5.679532E-05
     639    0.000000E+00    0.000000E+00   -5.654313E-05
     640    0.000000E+00    0.000000E+00   -5.791955E-05
     641    0.000000E+00    0.000000E+00   -5.741358E-05
     642    0.000000E+00    0.000000E+00   -5.647033E-05
     643    0.000000E+00    0.000000E+00   -5.827187E-05
     644    0.000000E+00    0.000000E+00   -5.840320E-05
     645    0.000000E+00    0.000000E+00   -5.829019E-05
     646    0.000000E+00    0.000000E+00   -5.508054E-05
     647    0.000000E+00    0.000000E+00   -5.653751E-05
     648    0.000000E+00    0.000000E+00   -5.414695E-05
     649    0.000000E+00    0.000000E+00   -5.126848E-05
     650    0.000000E+00    0.000000E+00   -4.450341E-05
     651    0.000000E+00    0.000000E+00   -4.440766E-05
     652    0.000000E+00    0.000000E+00   -5.619455E-05
     653    0.000000E+00    0.000000E+00   -5.522833E-05
     654    0.000000E+00    0.000000E+00   -5.520742E-05
     655    0.000000E+00    0.000000E+00   -5.466464E-05
     656    0.000000E+00    0.000000E+00   -5.750846E-05
     657    0.000000E+00    0.000000E+00   -5.859074E-05
     658    0.000000E+00    0.000000E+00   -5.908740E-05
     659    0.000000E+00    0.000000E+00   -5.964535E-05
     660    0.000000E+00    0.000000E+00   -5.852100E-05
     661    0.000000E+00    0.000000E+00   -5.785530E-05
     662    0.000000E+00    0.000000E+00   -5.517226E-05
     663    0.000000E+00    0.000000E+00   -5.747208E-05
     664    0.000000E+00    0.000000E+00   -6.038178E-05
     665    0.000000E+00    0.000000E+00   -5.906957E-05
     666    0.000000E+00    0.000000E+00   -5.954786E-05
     667    0.000000E+00    0.000000E+00   -5.839530E-05
     668    0.000000E+00    0.000000E+00   -5.416187E-05
     669    0.000000E+00    0.000000E+00   -5.783055E-05
     670    0.000000E+00    0.000000E+00   -4.885677E-05
     671    0.000000E+00    0.000000E+00   -5.119057E-05
     672    0.000000E+00    0.000000E+00   -4.713355E-05
     673    0.000000E+00    0.000000E+00   -4.383067E-05
     674    0.000000E+00    0.000000E+00   -4.946433E-05
     675    0.000000E+00    0.000000E+00   -5.118360E-05
     676    0.000000E+00    0.000000E+00   -5.355027E-05
     677    0.000000E+00    0.000000E+00   -5.456177E-05
     678    0.000000E+00    0.000000E+00   -5.774421E-05
     679    0.000000E+00    0.000000E+00   -5.671760E-05
     680    0.000000E+00    0.000000E+00   -5.961631E-05
     681    0.000000E+00    0.000000E+00   -6.051324E-05
     682    0.000000E+00    0.000000E+00   -5.185243E-05
     683    0.000000E+00    0.000000E+00   -5.367844E-05
     684    0.000000E+00    0.000000E+00   -5.742017E-05
     685    0.000000E+00    0.000000E+00   -5.538165E-05
     686    0.000000E+00    0.000000E+00   -5.760444E-05
     687    0.000000E+00    0.000000E+00   -5.734815E-05
     688    0.000000E+00    0.000000E+00   -5.889570E-05
     689    0.000000E+00    0.000000E+00   -5.886288E-05
     690    0.000000E+00    0.000000E+00   -5.849126E-05
     691    0.000000E+00    0.000000E+00   -5.732750E-05
     692    0.000000E+00    0.000000E+00   -5.845283E-05
     693    0.000000E+00    0.000000E+00   -6.008174E-05
     694    0.000000E+00    0.000000E+00   -5.997536E-05
     695    0.000000E+00    0.000000E+00   -5.900946E-05
     696    0.000000E+00    0.000000E+00   -6.041308E-05
     697    0.000000E+00    0.000000E+00   -6.036826E-05
     698    0.000000E+00    0.000000E+00   -4.964811E-05
     699    0.000000E+00    0.000000E+00   -5.006755E-05
     700    0.000000E+00    0.000000E+00   -5.945618E-05
     701    0.000000E+00    0.000000E+00   -5.986797E-05
     702    0.000000E+00    0.000000E+00   -5.930513E-05
     703    0.000000E+00    0.000000E+00   -6.016124E-05
     704    0.000000E+00    0.000000E+00   -5.989098E-05
     705    0.000000E+00    0.000000E+00   -5.976826E-05
     706    0.000000E+00    0.000000E+00   -6.023735E-05
     707    0.000000E+00    0.000000E+00   -6.049709E-05
     708    0.000000E+00    0.000000E+00   -5.987992E-05
     709    0.000000E+00    0.000000E+00   -6.028725E-05
     710    0.000000E+00    0.000000E+00   -5.970912E-05
     711    0.000000E+00    0.000000E+00   -5.863928E-05
     712    0.000000E+00    0.000000E+00   -5.657985E-05
     713    0.000000E+00    0.000000E+00   -5.850406E-05
     714    0.000000E+00    0.000000E+00   -6.006403E-05
     715    0.000000E+00    0.000000E+00   -6.048256E-05
     716    0.000000E+00    0.000000E+00   -5.250292E-05
     717    0.000000E+00    0.000000E+00   -5.239042E-05
     718    0.000000E+00    0.000000E+00   -5.926792E-05
     719    0.000000E+00    0.000000E+00   -5.905190E-05
     720    0.000000E+00    0.000000E+00   -6.048679E-05
     721    0.000000E+00    0.000000E+00   -6.061526E-05
     722    0.000000E+00    0.000000E+00   -5.969313E-05
     723    0.000000E+00    0.000000E+00   -6.027902E-05
     724    0.000000E+00    0.000000E+00   -5.892058E-05
     725    0.000000E+00    0.000000E+00   -6.019680E-05
     726    0.000000E+00    0.000000E+00   -5.928034E-05
     727    0.000000E+00    0.000000E+00   -5.778139E-05
     728    0.000000E+00    0.000000E+00   -5.340401E-05
     729    0.000000E+00    0.000000E+00   -5.310105E-05
     730    0.000000E+00    0.000000E+00   -5.165333E-05
     731    0.000000E+00    0.000000E+00   -5.425784E-05
