Penny shape crack (section S3-1 of the companion paper) to verify the triangular element
4.000E+4 2.500E-01 0.000E+00 0.000E+00 0
0 0 0 0 0 0
731    398
  1,  90,  89,  37
  2, 171, 150, 140
  3,  64,   9,  41
  4,  95,  42,  11
  5,  96,  43,  12
  6, 122,  96,  67
  7, 127,  97,  68
  8, 130,  69, 115
  9, 211,  83, 114
 10, 123, 101,  71
 11, 126, 102,  72
 12, 145,  19, 143
 13, 157, 147, 103
 14, 103,  53,  21
 15, 172, 158, 142
 16,  73,  23,  56
 17, 299, 275, 296
 18, 210,  75, 120
 19,  88,  34,   4
 20, 139,  35,   5
 21,  90,  37,   6
 22, 107,  57,  25
 23, 108,  58,  59
 24, 131, 129,  79
 25, 134, 110,  81
 26, 216,  82, 136
 27, 114, 113,  84
 28,  85,  84,  31
 29,  85,   1,  74
 30,  75,   2,  33
 31,  76,   3,  34
 32, 258, 221, 208
 33, 149, 139, 144
 34, 138,   6,  38
 35, 156, 144,  89
 36, 166, 138,  91
 37,  92,  91,  39
 38,  93,   9,  64
 39,  94,  41,  10
 40, 118,  94,  65
 41, 213,  66, 122
 42,  68,  13,  45
 43,  69,  14,  46
 44, 100,  15,  70
 45, 116,  99, 100
 46,  71,  16,  49
 47,  72,  17,  50
 48, 146,  18,  51
 49, 148,  52,  20
 50, 147,  53, 103
 51, 104,  54,  22
 52, 105, 104,  55
 53, 105,  23,  73
 54, 132, 104, 105
 55, 217,  78, 129
 56, 129, 107,  79
 57,  80,  26,  60
 58, 133, 108, 109
 59,  82,  28,  62
 60,  83,  29,  63
 61, 114,  83, 113
 62, 144,  36,  89
 63,  65,  10,  42
 64,  66,  11,  43
 65, 192, 189, 168
 66,  67,  12,  44
 67, 225, 125, 213
 68,  97,  44,  13
 69, 207,  67, 127
 70,  98,  45,  14
 71, 212,  68, 130
 72,  99,  46,  47
 73, 237, 192, 185
 74,  70,  15,  48
 75, 101,  48,  16
 76, 102,  49,  17
 77, 204,  70, 123
 78, 141,  50,  18
 79, 209,  71, 126
 80, 106,  56,  24
 81,  78,  24,  57
 82,  74,   1,  32
 83,  86,  32,   2
 84,  87,  33,   3
 85, 120,  87,  76
 86,  77,   4,  35
 87, 119,  88,  77
 88,  89,  36,  37
 89, 128,  89,  90
 90,  79,  25,  58
 91, 197, 173, 191
 92, 109,  26,  80
 93, 174, 161, 162
 94, 110,  60,  27
 95,  81,  27,  61
 96, 111,  61,  28
 97, 194, 182, 183
 98, 112,  62,  29
 99, 358, 211, 218
100, 113,  63,  30
101, 136, 112,  83
102,  84,  30,  31
103, 117,  84,  85
104,  85,  31,   1
105, 117,  85,  74
106,  86,  74,  32
107,  86,   2,  75
108,  87,  75,  33
109,  87,   3,  76
110,  88,  76,  34
111,  88,   4,  77
112,  91,  38,   7
113, 170, 139, 149
114,  91,   7,  39
115, 167, 128, 159
116,  92,  39,   8
117, 268, 259, 255
118, 140,   8,  40
119, 124,  93,  64
120,  93,  40,   9
121, 124,  64, 118
122,  94,  64,  41
123,  94,  10,  65
124,  95,  65,  42
125,  95,  11,  66
126,  96,  66,  43
127,  96,  12,  67
128,  97,  67,  44
129,  97,  13,  68
130,  98,  68,  45
131,  98,  14,  69
132,  99,  69,  46
133, 100,  99,  47
134, 100,  47,  15
135, 116, 100,  70
136, 101,  70,  48
137, 101,  16,  71
138, 102,  71,  49
139, 102,  17,  72
140, 151, 141, 146
141, 142,  21,  54
142, 104,  22,  55
143, 287, 249, 132
144, 105,  55,  23
145, 287, 106, 135
146, 106,  73,  56
147, 106,  24,  78
148, 107,  78,  57
149, 107,  25,  79
150, 108,  79,  58
151, 109, 108,  59
152, 109,  59,  26
153, 133, 109,  80
154, 110,  80,  60
155, 110,  27,  81
156, 111,  81,  61
157, 111,  28,  82
158, 112,  82,  62
159, 112,  29,  83
160, 113,  83,  63
161, 113,  30,  84
162, 203,  84, 117
163, 219, 203, 117
164, 115,  69,  99
165, 116, 115,  99
166, 123,  70, 101
167, 239, 116, 204
168, 121,  74,  86
169, 200, 130, 115
170, 118,  64,  94
171, 125,  65,  95
172, 208,  76, 119
173, 119,  76,  88
174, 192, 168, 167
175, 120,  75,  87
176, 205,  74, 121
177, 121,  86,  75
178, 122,  66,  96
179, 127,  67,  97
180, 126,  71, 102
181, 133, 131, 108
182, 150,  92, 140
183, 171, 140,  93
184, 206,  65, 125
185, 125,  95,  66
186, 169, 141, 151
187, 157, 152, 147
188, 130,  68,  98
189, 244, 175, 196
190, 159,  90, 138
191, 179, 159, 166
192, 129,  78, 107
193, 131,  79, 108
194, 130,  98,  69
195, 350, 333, 332
196, 134,  80, 110
197, 190, 187, 178
198, 155, 148, 152
199, 287, 105,  73
200, 215,  80, 134
201, 266, 260, 240
202, 137,  81, 111
203, 251, 183, 174
204, 135, 106,  78
205, 187, 165, 178
206, 136,  82, 112
207, 335, 323, 322
208, 214,  81, 137
209, 137, 111,  82
210, 138,  90,   6
211, 138,  38,  91
212, 139,  77,  35
213, 144, 139,   5
214, 140,  92,   8
215, 140,  40,  93
216, 141,  72,  50
217, 153, 145, 143
218, 142, 103,  21
219, 142,  54, 104
220, 143,  19,  52
221, 164, 152, 160
222, 144,   5,  36
223, 156, 149, 144
224, 154, 146, 145
225, 145,  51,  19
226, 146, 141,  18
227, 146,  51, 145
228, 147,  20,  53
229, 158, 103, 142
230, 148, 143,  52
231, 148,  20, 147
232, 168, 156, 128
233, 177, 149, 168
234, 180,  92, 150
235, 175, 150, 171
236, 184, 174, 162
237, 176, 151, 163
238, 152, 148, 147
239, 162, 153, 155
240, 162, 161, 153
241, 155, 153, 143
242, 154, 151, 146
243, 154, 145, 153
244, 155, 143, 148
245, 160, 152, 157
246, 156,  89, 128
247, 168, 128, 167
248, 158, 157, 103
249, 165, 157, 158
250, 172, 142, 104
251, 178, 158, 172
252, 159, 128,  90
253, 166, 159, 138
254, 165, 160, 157
255, 161, 154, 153
256, 163, 151, 154
257, 163, 154, 161
258, 164, 162, 155
259, 184, 164, 160
260, 183, 176, 163
261, 176, 169, 151
262, 164, 155, 152
263, 184, 160, 173
264, 186, 178, 181
265, 201, 129, 131
266, 180,  91,  92
267, 243, 180, 150
268, 193, 185, 179
269, 168, 149, 156
270, 198, 170, 177
271, 177, 170, 149
272, 169, 126,  72
273, 169,  72, 141
274, 170, 119,  77
275, 170,  77, 139
276, 171,  93, 124
277, 175, 171, 124
278, 181, 104, 132
279, 181, 178, 172
280, 173, 160, 165
281, 247, 230, 201
282, 182, 126, 169
283, 174, 163, 161
284, 196, 124, 118
285, 245, 118, 206
286, 182, 169, 176
287, 183, 163, 174
288, 195, 177, 189
289, 258, 208, 119
290, 178, 165, 158
291, 249, 135, 231
292, 179, 167, 159
293, 180, 179, 166
294, 180, 166,  91
295, 243, 193, 180
296, 181, 172, 104
297, 186, 181, 132
298, 183, 182, 176
299, 188, 126, 182
300, 282, 197, 254
301, 194, 188, 182
302, 184, 162, 164
303, 191, 173, 187
304, 284, 244, 262
305, 185, 167, 179
306, 230, 217, 129
307, 190, 178, 186
308, 279, 187, 190
309, 187, 173, 165
310, 226, 204, 123
311, 226, 209, 188
312, 345, 319, 330
313, 189, 177, 168
314, 231, 217, 230
315, 250, 186, 132
316, 202, 201, 131
317, 197, 184, 173
318, 192, 167, 185
319, 237, 185, 236
320, 193, 179, 180
321, 293, 291, 284
322, 318, 228, 216
323, 252, 194, 233
324, 219, 218, 203
325, 221, 210, 120
326, 196, 175, 124
327, 222, 213, 122
328, 271, 260, 266
329, 251, 233, 183
330, 198, 119, 170
331, 198, 177, 195
332, 200, 115, 199
333, 199, 115, 116
334, 227, 127, 212
335, 334, 294, 313
336, 202, 131, 133
337, 240, 133, 215
338, 229, 134, 214
339, 266, 240, 229
340, 203, 114,  84
341, 219, 117, 205
342, 204, 116,  70
343, 226, 123, 209
344, 205, 117,  74
345, 224, 121, 210
346, 206, 118,  65
347, 225, 213, 222
348, 207, 122,  67
349, 227, 212, 223
350, 208, 120,  76
351, 258, 119, 198
352, 209, 123,  71
353, 209, 126, 188
354, 210, 121,  75
355, 221, 120, 208
356, 211, 136,  83
357, 218, 211, 114
358, 212, 127,  68
359, 223, 130, 200
360, 213, 125,  66
361, 222, 122, 207
362, 214, 134,  81
363, 228, 214, 137
364, 215, 133,  80
365, 229, 214, 228
366, 216, 137,  82
367, 318, 136, 220
368, 217, 135,  78
369, 230, 129, 201
370, 238, 189, 237
371, 218, 114, 203
372, 257, 195, 238
373, 319, 315, 281
374, 280, 278, 235
375, 220, 136, 211
376, 224, 210, 221
377, 283, 263, 221
378, 246, 223, 200
379, 274, 259, 268
380, 223, 212, 130
381, 259, 239, 255
382, 264, 205, 224
383, 224, 205, 121
384, 267, 245, 225
385, 225, 206, 125
386, 234, 188, 194
387, 255, 226, 234
388, 227, 222, 207
389, 227, 207, 127
390, 279, 191, 187
391, 228, 137, 216
392, 260, 242, 202
393, 229, 215, 134
394, 242, 201, 202
395, 247, 201, 242
396, 298, 249, 231
397, 231, 135, 217
398, 279, 253, 191
399, 232, 190, 186
400, 233, 194, 183
401, 296, 282, 254
402, 255, 239, 226
403, 234, 226, 188
404, 235, 197, 191
405, 336, 264, 321
406, 236, 185, 193
407, 256, 193, 243
408, 374, 356, 341
409, 237, 189, 192
410, 302, 257, 281
411, 238, 195, 189
412, 239, 199, 116
413, 239, 204, 226
414, 240, 202, 133
415, 240, 215, 229
416, 246, 200, 241
417, 241, 200, 199
418, 269, 248, 247
419, 260, 202, 240
420, 243, 150, 175
421, 261, 175, 244
422, 262, 196, 245
423, 272, 256, 261
424, 245, 196, 118
425, 245, 206, 225
426, 265, 227, 223
427, 265, 223, 246
428, 269, 247, 242
429, 248, 230, 247
430, 298, 250, 249
431, 248, 231, 230
432, 250, 132, 249
433, 287, 132, 105
434, 298, 277, 250
435, 250, 232, 186
436, 282, 184, 197
437, 254, 197, 235
438, 252, 234, 194
439, 273, 252, 233
440, 253, 235, 191
441, 368, 306, 277
442, 275, 273, 233
443, 278, 254, 235
444, 268, 255, 252
445, 255, 234, 252
446, 256, 236, 193
447, 261, 256, 243
448, 331, 300, 306
449, 283, 221, 258
450, 258, 198, 195
451, 258, 195, 257
452, 259, 241, 199
453, 259, 199, 239
454, 285, 229, 228
455, 382, 271, 326
456, 261, 243, 175
457, 272, 261, 244
458, 262, 244, 196
459, 286, 225, 222
460, 321, 264, 263
461, 263, 224, 221
462, 264, 219, 205
463, 264, 224, 263
464, 305, 265, 294
465, 274, 270, 241
466, 318, 304, 228
467, 309, 285, 304
468, 267, 262, 245
469, 286, 267, 225
470, 270, 246, 241
471, 398, 252, 273
472, 292, 232, 277
473, 271, 242, 260
474, 310, 305, 294
475, 270, 265, 246
476, 295, 266, 285
477, 324, 316, 302
478, 288, 256, 272
479, 276, 262, 267
480, 293, 284, 276
481, 275, 233, 251
482, 274, 241, 259
483, 289, 274, 268
484, 296, 251, 282
485, 299, 296, 254
486, 297, 267, 286
487, 289, 270, 274
488, 277, 232, 250
489, 368, 277, 298
490, 280, 235, 253
491, 374, 320, 237
492, 279, 190, 232
493, 292, 279, 232
494, 300, 253, 292
495, 308, 271, 295
496, 281, 257, 238
497, 301, 238, 237
498, 282, 251, 174
499, 282, 174, 184
500, 283, 258, 257
501, 302, 283, 257
502, 284, 272, 244
503, 284, 262, 276
504, 285, 266, 229
505, 370, 369, 336
506, 305, 227, 265
507, 294, 265, 270
508, 287,  73, 106
509, 287, 135, 249
510, 288, 236, 256
511, 291, 288, 272
512, 398, 311, 397
513, 353, 338, 347
514, 290, 273, 275
515, 314, 299, 278
516, 341, 330, 320
517, 291, 272, 284
518, 306, 300, 292
519, 292, 253, 279
520, 312, 276, 297
521, 328, 311, 290
522, 313, 270, 289
523, 312, 297, 310
524, 352, 342, 337
525, 295, 271, 266
526, 299, 254, 278
527, 296, 275, 251
528, 297, 276, 267
529, 310, 286, 305
530, 298, 231, 248
531, 368, 298, 248
532, 314, 278, 303
533, 299, 290, 275
534, 360, 326, 342
535, 300, 280, 253
536, 301, 281, 238
537, 374, 237, 236
538, 316, 283, 302
539, 337, 308, 327
540, 303, 278, 280
541, 317, 280, 300
542, 304, 285, 228
543, 358, 220, 211
544, 305, 286, 222
545, 305, 222, 227
546, 306, 292, 277
547, 326, 271, 308
548, 307, 291, 293
549, 325, 293, 312
550, 327, 295, 309
551, 391, 309, 323
552, 346, 324, 315
553, 309, 295, 285
554, 347, 334, 313
555, 310, 297, 286
556, 397, 311, 344
557, 311, 273, 290
558, 393, 390, 381
559, 312, 293, 276
560, 313, 294, 270
561, 344, 311, 328
562, 343, 299, 314
563, 383, 353, 376
564, 315, 302, 281
565, 319, 281, 301
566, 316, 263, 283
567, 324, 302, 315
568, 317, 303, 280
569, 342, 308, 337
570, 318, 216, 136
571, 322, 318, 220
572, 330, 301, 320
573, 385, 377, 379
574, 320, 301, 237
575, 356, 288, 291
576, 323, 304, 322
577, 321, 263, 316
578, 322, 304, 318
579, 369, 219, 336
580, 370, 357, 335
581, 323, 309, 304
582, 324, 321, 316
583, 389, 357, 371
584, 325, 307, 293
585, 338, 312, 310
586, 382, 340, 269
587, 382, 326, 340
588, 327, 308, 295
589, 372, 367, 346
590, 343, 328, 290
591, 348, 343, 314
592, 333, 303, 332
593, 329, 315, 319
594, 354, 345, 330
595, 330, 319, 301
596, 331, 317, 300
597, 340, 331, 306
598, 332, 303, 317
599, 349, 317, 331
600, 395, 348, 365
601, 333, 314, 303
602, 338, 310, 334
603, 334, 310, 294
604, 358, 335, 322
605, 371, 370, 351
606, 336, 219, 264
607, 351, 336, 321
608, 391, 359, 327
609, 373, 363, 355
610, 376, 364, 362
611, 338, 325, 312
612, 339, 307, 325
613, 353, 325, 338
614, 368, 340, 306
615, 342, 326, 308
616, 374, 341, 320
617, 361, 354, 341
618, 396, 394, 388
619, 378, 342, 352
620, 343, 290, 299
621, 348, 314, 333
622, 364, 289, 344
623, 397, 344, 289
624, 345, 329, 319
625, 354, 330, 341
626, 346, 315, 329
627, 363, 329, 355
628, 347, 338, 334
629, 364, 347, 313
630, 348, 328, 343
631, 365, 333, 350
632, 349, 332, 317
633, 360, 349, 331
634, 366, 332, 349
635, 388, 352, 375
636, 351, 321, 324
637, 367, 324, 346
638, 378, 360, 342
639, 375, 337, 359
640, 362, 344, 328
641, 353, 339, 325
642, 361, 341, 356
643, 377, 354, 361
644, 355, 329, 345
645, 377, 345, 354
646, 356, 291, 307
647, 361, 356, 307
648, 391, 357, 359
649, 357, 323, 335
650, 358, 322, 220
651, 369, 358, 218
652, 372, 371, 367
653, 359, 337, 327
654, 360, 331, 340
655, 360, 340, 326
656, 361, 307, 339
657, 379, 361, 339
658, 395, 328, 348
659, 365, 348, 333
660, 384, 372, 363
661, 363, 346, 329
662, 364, 313, 289
663, 364, 344, 362
664, 381, 350, 380
665, 383, 379, 339
666, 366, 350, 332
667, 378, 366, 349
668, 367, 351, 324
669, 372, 346, 363
670, 368, 248, 269
671, 368, 269, 340
672, 369, 335, 358
673, 369, 218, 219
674, 370, 335, 369
675, 370, 336, 351
676, 371, 357, 370
677, 371, 351, 367
678, 396, 389, 372
679, 389, 375, 359
680, 385, 355, 377
681, 387, 381, 380
682, 374, 236, 288
683, 374, 288, 356
684, 375, 352, 337
685, 389, 359, 357
686, 376, 353, 347
687, 376, 347, 364
688, 379, 377, 361
689, 377, 355, 345
690, 378, 352, 366
691, 378, 349, 360
692, 383, 339, 353
693, 386, 385, 379
694, 380, 350, 366
695, 388, 366, 352
696, 393, 385, 386
697, 381, 365, 350
698, 382, 269, 242
699, 382, 242, 271
700, 395, 392, 362
701, 392, 386, 383
702, 384, 363, 373
703, 394, 373, 387
704, 385, 373, 355
705, 386, 379, 383
706, 392, 390, 386
707, 393, 387, 385
708, 394, 380, 388
709, 387, 373, 385
710, 388, 380, 366
711, 396, 388, 375
712, 389, 371, 372
713, 396, 372, 384
714, 395, 390, 392
715, 390, 365, 381
716, 391, 327, 309
717, 391, 323, 357
718, 392, 383, 376
719, 392, 376, 362
720, 393, 386, 390
721, 393, 381, 387
722, 394, 384, 373
723, 394, 387, 380
724, 395, 362, 328
725, 395, 365, 390
726, 396, 384, 394
727, 396, 375, 389
728, 397, 289, 268
729, 398, 397, 268
730, 398, 268, 252
731, 398, 273, 311
1	9.80173E-01	1.98146E-01	0.00000E+00
2	9.21476E-01	3.88435E-01	0.00000E+00
3	8.26239E-01	5.63320E-01	0.00000E+00
4	6.98237E-01	7.15867E-01	0.00000E+00
5	5.42546E-01	8.40026E-01	0.00000E+00
6	2.70840E-01	9.62624E-01	0.00000E+00
7	7.47301E-02	9.97204E-01	0.00000E+00
8	-1.24344E-01	9.92239E-01	0.00000E+00
9	-3.18487E-01	9.47927E-01	0.00000E+00
10	-5.00000E-01	8.66025E-01	0.00000E+00
11	-6.61686E-01	7.49781E-01	0.00000E+00
12	-7.97132E-01	6.03804E-01	0.00000E+00
13	-9.00969E-01	4.33884E-01	0.00000E+00
14	-9.69077E-01	2.46757E-01	0.00000E+00
15	-9.98757E-01	-4.98459E-02	0.00000E+00
16	-9.69077E-01	-2.46757E-01	0.00000E+00
17	-9.00969E-01	-4.33884E-01	0.00000E+00
18	-7.97132E-01	-6.03804E-01	0.00000E+00
19	-6.61686E-01	-7.49781E-01	0.00000E+00
20	-5.00000E-01	-8.66025E-01	0.00000E+00
21	-3.18487E-01	-9.47927E-01	0.00000E+00
22	-1.24344E-01	-9.92239E-01	0.00000E+00
23	7.47301E-02	-9.97204E-01	0.00000E+00
24	2.70840E-01	-9.62624E-01	0.00000E+00
25	4.56211E-01	-8.89872E-01	0.00000E+00
26	6.98237E-01	-7.15867E-01	0.00000E+00
27	8.26239E-01	-5.63320E-01	0.00000E+00
28	9.21476E-01	-3.88435E-01	0.00000E+00
29	9.80173E-01	-1.98146E-01	0.00000E+00
30	1.00000E+00	0.00000E+00	0.00000E+00
31	9.95031E-01	9.95678E-02	0.00000E+00
32	9.55573E-01	2.94755E-01	0.00000E+00
33	8.78222E-01	4.78254E-01	0.00000E+00
34	7.66044E-01	6.42788E-01	0.00000E+00
35	6.23490E-01	7.81832E-01	0.00000E+00
36	4.56211E-01	8.89872E-01	0.00000E+00
37	3.65341E-01	9.30874E-01	0.00000E+00
38	1.73648E-01	9.84808E-01	0.00000E+00
39	-2.49307E-02	9.99689E-01	0.00000E+00
40	-2.22521E-01	9.74928E-01	0.00000E+00
41	-4.11287E-01	9.11506E-01	0.00000E+00
42	-5.83744E-01	8.11938E-01	0.00000E+00
43	-7.33052E-01	6.80173E-01	0.00000E+00
44	-8.53291E-01	5.21435E-01	0.00000E+00
45	-9.39693E-01	3.42020E-01	0.00000E+00
46	-9.88831E-01	1.49042E-01	0.00000E+00
47	-9.98757E-01	4.98459E-02	0.00000E+00
48	-9.88831E-01	-1.49042E-01	0.00000E+00
49	-9.39693E-01	-3.42020E-01	0.00000E+00
50	-8.53291E-01	-5.21435E-01	0.00000E+00
51	-7.33052E-01	-6.80173E-01	0.00000E+00
52	-5.83744E-01	-8.11938E-01	0.00000E+00
53	-4.11287E-01	-9.11506E-01	0.00000E+00
54	-2.22521E-01	-9.74928E-01	0.00000E+00
55	-2.49307E-02	-9.99689E-01	0.00000E+00
56	1.73648E-01	-9.84808E-01	0.00000E+00
57	3.65341E-01	-9.30874E-01	0.00000E+00
58	5.42546E-01	-8.40026E-01	0.00000E+00
59	6.23490E-01	-7.81832E-01	0.00000E+00
60	7.66044E-01	-6.42788E-01	0.00000E+00
61	8.78222E-01	-4.78254E-01	0.00000E+00
62	9.55573E-01	-2.94755E-01	0.00000E+00
63	9.95031E-01	-9.95678E-02	0.00000E+00
64	-3.38449E-01	8.46897E-01	0.00000E+00
65	-4.87088E-01	7.55503E-01	0.00000E+00
66	-6.28898E-01	6.44777E-01	0.00000E+00
67	-7.44188E-01	5.07379E-01	0.00000E+00
68	-8.28624E-01	3.49111E-01	0.00000E+00
69	-8.91444E-01	1.85387E-01	0.00000E+00
70	-8.94304E-01	-8.84254E-02	0.00000E+00
71	-8.59486E-01	-2.64070E-01	0.00000E+00
72	-8.05791E-01	-4.28859E-01	0.00000E+00
73	1.15447E-01	-9.25944E-01	0.00000E+00
74	8.70188E-01	2.22863E-01	0.00000E+00
75	8.11706E-01	3.90897E-01	0.00000E+00
76	7.15231E-01	5.41034E-01	0.00000E+00
77	6.09010E-01	6.78205E-01	0.00000E+00
78	2.85135E-01	-8.48091E-01	0.00000E+00
79	4.51214E-01	-7.91218E-01	0.00000E+00
80	6.58981E-01	-6.11730E-01	0.00000E+00
81	7.68049E-01	-4.70702E-01	0.00000E+00
82	8.42292E-01	-3.11263E-01	0.00000E+00
83	8.85139E-01	-1.32339E-01	0.00000E+00
84	8.99632E-01	4.60586E-02	0.00000E+00
85	9.15149E-01	1.38369E-01	0.00000E+00
86	8.69444E-01	3.17495E-01	0.00000E+00
87	7.90004E-01	4.81733E-01	0.00000E+00
88	6.77314E-01	6.29157E-01	0.00000E+00
89	3.76664E-01	8.30740E-01	0.00000E+00
90	2.87012E-01	8.63266E-01	0.00000E+00
91	7.36974E-02	9.17158E-01	0.00000E+00
92	-5.11438E-02	9.04532E-01	0.00000E+00
93	-2.47734E-01	8.78160E-01	0.00000E+00
94	-4.20976E-01	8.24333E-01	0.00000E+00
95	-5.77042E-01	7.23764E-01	0.00000E+00
96	-7.09365E-01	5.95228E-01	0.00000E+00
97	-8.12974E-01	4.42718E-01	0.00000E+00
98	-8.84587E-01	2.71919E-01	0.00000E+00
99	-9.06711E-01	8.56842E-02	0.00000E+00
100	-9.25375E-01	1.14614E-03	0.00000E+00
101	-9.06814E-01	-1.82446E-01	0.00000E+00
102	-8.53869E-01	-3.59684E-01	0.00000E+00
103	-3.28512E-01	-8.46826E-01	0.00000E+00
104	-1.04070E-01	-8.95726E-01	0.00000E+00
105	2.94581E-02	-9.10643E-01	0.00000E+00
106	1.90002E-01	-8.94315E-01	0.00000E+00
107	3.81332E-01	-8.42510E-01	0.00000E+00
108	5.36087E-01	-7.36605E-01	0.00000E+00
109	6.11756E-01	-6.94550E-01	0.00000E+00
110	7.37797E-01	-5.59160E-01	0.00000E+00
111	8.33094E-01	-4.03244E-01	0.00000E+00
112	8.91975E-01	-2.29203E-01	0.00000E+00
113	9.23806E-01	-4.48666E-02	0.00000E+00
114	8.38579E-01	-3.37463E-02	0.00000E+00
115	-8.10717E-01	1.22408E-01	0.00000E+00
116	-8.27194E-01	9.15149E-03	0.00000E+00
117	8.29750E-01	1.24688E-01	0.00000E+00
118	-3.68384E-01	7.41358E-01	0.00000E+00
119	5.98072E-01	5.66925E-01	0.00000E+00
120	7.17036E-01	4.34570E-01	0.00000E+00
121	7.88663E-01	2.93173E-01	0.00000E+00
122	-6.44566E-01	5.42031E-01	0.00000E+00
123	-8.25085E-01	-1.63757E-01	0.00000E+00
124	-2.62863E-01	7.82639E-01	0.00000E+00
125	-5.25942E-01	6.57288E-01	0.00000E+00
126	-7.64219E-01	-3.24926E-01	0.00000E+00
127	-7.37785E-01	4.05258E-01	0.00000E+00
128	3.06482E-01	7.67442E-01	0.00000E+00
129	3.48955E-01	-7.49216E-01	0.00000E+00
130	-7.92832E-01	2.36405E-01	0.00000E+00
131	4.45302E-01	-6.88361E-01	0.00000E+00
132	5.80141E-03	-7.98232E-01	0.00000E+00
133	5.41914E-01	-6.25568E-01	0.00000E+00
134	6.71790E-01	-5.08606E-01	0.00000E+00
135	1.90379E-01	-7.99470E-01	0.00000E+00
136	7.91124E-01	-2.10527E-01	0.00000E+00
137	7.54690E-01	-3.73158E-01	0.00000E+00
138	1.90954E-01	8.93066E-01	0.00000E+00
139	5.33541E-01	7.36442E-01	0.00000E+00
140	-1.55517E-01	8.97636E-01	0.00000E+00
141	-7.54220E-01	-5.08607E-01	0.00000E+00
142	-2.33040E-01	-8.77692E-01	0.00000E+00
143	-5.66263E-01	-7.10126E-01	0.00000E+00
144	4.56937E-01	7.89514E-01	0.00000E+00
145	-6.34252E-01	-6.49797E-01	0.00000E+00
146	-6.97101E-01	-5.82435E-01	0.00000E+00
147	-4.13922E-01	-8.08463E-01	0.00000E+00
148	-4.92557E-01	-7.62647E-01	0.00000E+00
149	4.45177E-01	6.95803E-01	0.00000E+00
150	-9.78157E-02	8.11777E-01	0.00000E+00
151	-6.62777E-01	-4.90111E-01	0.00000E+00
152	-4.13192E-01	-7.10137E-01	0.00000E+00
153	-5.46580E-01	-6.14256E-01	0.00000E+00
154	-6.08059E-01	-5.55257E-01	0.00000E+00
155	-4.82936E-01	-6.64832E-01	0.00000E+00
156	3.85472E-01	7.49955E-01	0.00000E+00
157	-3.35663E-01	-7.47564E-01	0.00000E+00
158	-2.48346E-01	-7.84102E-01	0.00000E+00
159	2.13731E-01	8.00184E-01	0.00000E+00
160	-3.44726E-01	-6.49418E-01	0.00000E+00
161	-5.35188E-01	-5.30569E-01	0.00000E+00
162	-4.71695E-01	-5.71253E-01	0.00000E+00
163	-5.79611E-01	-4.66890E-01	0.00000E+00
164	-4.17392E-01	-6.27060E-01	0.00000E+00
165	-2.56520E-01	-6.86759E-01	0.00000E+00
166	1.28042E-01	8.31643E-01	0.00000E+00
167	2.35991E-01	7.05654E-01	0.00000E+00
168	3.41646E-01	6.70494E-01	0.00000E+00
169	-7.13606E-01	-4.16238E-01	0.00000E+00
170	5.18753E-01	6.37776E-01	0.00000E+00
171	-1.86187E-01	8.19666E-01	0.00000E+00
172	-1.67948E-01	-8.15153E-01	0.00000E+00
173	-2.69689E-01	-5.86307E-01	0.00000E+00
174	-4.77150E-01	-4.62348E-01	0.00000E+00
175	-1.65619E-01	7.25627E-01	0.00000E+00
176	-6.35300E-01	-4.13534E-01	0.00000E+00
177	4.25722E-01	6.02133E-01	0.00000E+00
178	-1.57878E-01	-7.23946E-01	0.00000E+00
179	1.36231E-01	7.44051E-01	0.00000E+00
180	2.69266E-02	8.01580E-01	0.00000E+00
181	-9.57134E-02	-7.89313E-01	0.00000E+00
182	-6.60418E-01	-3.35979E-01	0.00000E+00
183	-5.57716E-01	-3.63681E-01	0.00000E+00
184	-3.75528E-01	-5.42991E-01	0.00000E+00
185	1.60074E-01	6.42937E-01	0.00000E+00
186	-5.47896E-02	-7.12148E-01	0.00000E+00
187	-1.78068E-01	-6.25755E-01	0.00000E+00
188	-6.92701E-01	-2.43690E-01	0.00000E+00
189	3.27948E-01	5.62468E-01	0.00000E+00
190	-1.02470E-01	-6.51804E-01	0.00000E+00
191	-1.84670E-01	-5.31728E-01	0.00000E+00
192	2.53412E-01	6.21485E-01	0.00000E+00
193	5.44103E-02	6.83788E-01	0.00000E+00
194	-6.00197E-01	-2.56805E-01	0.00000E+00
195	4.20471E-01	5.06684E-01	0.00000E+00
196	-2.69421E-01	6.79363E-01	0.00000E+00
197	-2.77380E-01	-4.83748E-01	0.00000E+00
198	4.99133E-01	5.55152E-01	0.00000E+00
199	-7.25122E-01	6.12611E-02	0.00000E+00
200	-7.12297E-01	1.61868E-01	0.00000E+00
201	3.51856E-01	-6.36945E-01	0.00000E+00
202	4.35981E-01	-5.81648E-01	0.00000E+00
203	8.08493E-01	4.50174E-02	0.00000E+00
204	-7.99851E-01	-8.37936E-02	0.00000E+00
205	7.61351E-01	2.01154E-01	0.00000E+00
206	-4.41318E-01	6.71315E-01	0.00000E+00
207	-6.65003E-01	4.58810E-01	0.00000E+00
208	6.37716E-01	4.75733E-01	0.00000E+00
209	-7.73371E-01	-2.27333E-01	0.00000E+00
210	7.27345E-01	3.54321E-01	0.00000E+00
211	7.76301E-01	-1.05100E-01	0.00000E+00
212	-7.36244E-01	3.21034E-01	0.00000E+00
213	-5.64394E-01	5.78678E-01	0.00000E+00
214	6.87936E-01	-4.27001E-01	0.00000E+00
215	5.94848E-01	-5.41994E-01	0.00000E+00
216	7.46023E-01	-2.94122E-01	0.00000E+00
217	2.56889E-01	-7.56110E-01	0.00000E+00
218	7.48134E-01	-1.15842E-02	0.00000E+00
219	7.22809E-01	9.52303E-02	0.00000E+00
220	7.14241E-01	-1.60236E-01	0.00000E+00
221	6.30975E-01	3.75874E-01	0.00000E+00
222	-5.62713E-01	4.77792E-01	0.00000E+00
223	-6.81376E-01	2.58561E-01	0.00000E+00
224	6.93583E-01	2.82063E-01	0.00000E+00
225	-4.65967E-01	5.71387E-01	0.00000E+00
226	-7.27918E-01	-1.46109E-01	0.00000E+00
227	-6.40123E-01	3.66738E-01	0.00000E+00
228	6.57281E-01	-3.38756E-01	0.00000E+00
229	5.93223E-01	-4.42968E-01	0.00000E+00
230	2.71161E-01	-6.76767E-01	0.00000E+00
231	1.93610E-01	-7.07286E-01	0.00000E+00
232	-2.81494E-02	-6.23859E-01	0.00000E+00
233	-5.00143E-01	-2.60572E-01	0.00000E+00
234	-6.41470E-01	-1.78769E-01	0.00000E+00
235	-1.86757E-01	-4.35114E-01	0.00000E+00
236	7.42537E-02	5.78181E-01	0.00000E+00
237	1.97698E-01	5.23651E-01	0.00000E+00
238	3.19145E-01	4.60868E-01	0.00000E+00
239	-7.26026E-01	-4.06108E-02	0.00000E+00
240	5.13605E-01	-5.17968E-01	0.00000E+00
241	-6.34278E-01	1.07401E-01	0.00000E+00
242	3.37783E-01	-5.31145E-01	0.00000E+00
243	-5.18732E-02	7.14614E-01	0.00000E+00
244	-1.85155E-01	6.19061E-01	0.00000E+00
245	-3.63353E-01	6.27784E-01	0.00000E+00
246	-6.29209E-01	1.93247E-01	0.00000E+00
247	2.78568E-01	-5.98597E-01	0.00000E+00
248	2.06575E-01	-6.19841E-01	0.00000E+00
249	1.11055E-01	-7.47830E-01	0.00000E+00
250	3.66900E-02	-6.86418E-01	0.00000E+00
251	-4.42769E-01	-3.52250E-01	0.00000E+00
252	-5.48818E-01	-1.57874E-01	0.00000E+00
253	-9.94735E-02	-4.83710E-01	0.00000E+00
254	-2.76427E-01	-3.82687E-01	0.00000E+00
255	-6.36809E-01	-9.26172E-02	0.00000E+00
256	-2.59006E-02	6.18106E-01	0.00000E+00
257	4.20168E-01	4.06911E-01	0.00000E+00
258	5.31271E-01	4.62171E-01	0.00000E+00
259	-6.37202E-01	9.19817E-03	0.00000E+00
260	4.28787E-01	-4.94540E-01	0.00000E+00
261	-1.06696E-01	6.48309E-01	0.00000E+00
262	-2.74268E-01	5.74955E-01	0.00000E+00
263	5.89633E-01	2.75350E-01	0.00000E+00
264	6.52617E-01	1.91965E-01	0.00000E+00
265	-5.80638E-01	2.70837E-01	0.00000E+00
266	4.82495E-01	-4.24801E-01	0.00000E+00
267	-3.62722E-01	5.25565E-01	0.00000E+00
268	-5.38329E-01	-3.73703E-02	0.00000E+00
269	2.34398E-01	-5.36238E-01	0.00000E+00
270	-5.38016E-01	1.63604E-01	0.00000E+00
271	3.67353E-01	-4.19810E-01	0.00000E+00
272	-1.06689E-01	5.65581E-01	0.00000E+00
273	-4.43758E-01	-1.78062E-01	0.00000E+00
274	-5.61702E-01	6.08491E-02	0.00000E+00
275	-3.95103E-01	-2.65167E-01	0.00000E+00
276	-2.77219E-01	4.78581E-01	0.00000E+00
277	5.45673E-02	-5.89689E-01	0.00000E+00
278	-1.87434E-01	-3.35510E-01	0.00000E+00
279	-1.01470E-01	-5.74955E-01	0.00000E+00
280	-9.89775E-02	-3.87784E-01	0.00000E+00
281	3.22621E-01	3.58856E-01	0.00000E+00
282	-3.67150E-01	-4.27448E-01	0.00000E+00
283	5.14245E-01	3.48565E-01	0.00000E+00
284	-1.91551E-01	5.21353E-01	0.00000E+00
285	5.44310E-01	-3.41135E-01	0.00000E+00
286	-4.42789E-01	4.57063E-01	0.00000E+00
287	1.07024E-01	-8.46072E-01	0.00000E+00
288	-2.01037E-02	5.21825E-01	0.00000E+00
289	-4.60919E-01	5.86480E-02	0.00000E+00
290	-3.42053E-01	-1.83141E-01	0.00000E+00
291	-1.09478E-01	4.70319E-01	0.00000E+00
292	-2.00281E-02	-5.33414E-01	0.00000E+00
293	-1.98003E-01	4.24139E-01	0.00000E+00
294	-4.72420E-01	2.66124E-01	0.00000E+00
295	4.41476E-01	-3.33201E-01	0.00000E+00
296	-3.53311E-01	-3.40634E-01	0.00000E+00
297	-3.51894E-01	4.40331E-01	0.00000E+00
298	1.24138E-01	-6.50919E-01	0.00000E+00
299	-2.84430E-01	-2.75650E-01	0.00000E+00
300	-1.50182E-02	-4.38178E-01	0.00000E+00
301	2.26982E-01	4.07306E-01	0.00000E+00
302	4.16370E-01	3.05982E-01	0.00000E+00
303	-9.72390E-02	-2.89542E-01	0.00000E+00
304	5.93074E-01	-2.51668E-01	0.00000E+00
305	-5.15094E-01	3.65639E-01	0.00000E+00
306	6.72569E-02	-4.93184E-01	0.00000E+00
307	-1.14177E-01	3.68856E-01	0.00000E+00
308	3.39614E-01	-3.13660E-01	0.00000E+00
309	4.98062E-01	-2.53764E-01	0.00000E+00
310	-3.92925E-01	3.51504E-01	0.00000E+00
311	-3.92226E-01	-1.01214E-01	0.00000E+00
312	-2.88264E-01	3.84198E-01	0.00000E+00
313	-4.21582E-01	1.72227E-01	0.00000E+00
314	-1.82940E-01	-2.36316E-01	0.00000E+00
315	3.22094E-01	2.57248E-01	0.00000E+00
316	4.97333E-01	2.64009E-01	0.00000E+00
317	-1.18636E-02	-3.41126E-01	0.00000E+00
318	6.88859E-01	-2.36865E-01	0.00000E+00
319	2.31915E-01	3.08190E-01	0.00000E+00
320	1.41004E-01	4.29522E-01	0.00000E+00
321	5.42490E-01	1.90911E-01	0.00000E+00
322	6.35445E-01	-1.63337E-01	0.00000E+00
323	5.42061E-01	-1.68621E-01	0.00000E+00
324	4.24765E-01	1.99022E-01	0.00000E+00
325	-2.09724E-01	3.25477E-01	0.00000E+00
326	2.59590E-01	-3.79318E-01	0.00000E+00
327	4.06822E-01	-2.42585E-01	0.00000E+00
328	-2.82015E-01	-9.09118E-02	0.00000E+00
329	2.28685E-01	2.10208E-01	0.00000E+00
330	1.46974E-01	3.49113E-01	0.00000E+00
331	7.49785E-02	-3.93837E-01	0.00000E+00
332	-5.40290E-03	-2.42141E-01	0.00000E+00
333	-9.39406E-02	-1.90653E-01	0.00000E+00
334	-3.83143E-01	2.54154E-01	0.00000E+00
335	5.88170E-01	-7.90828E-02	0.00000E+00
336	6.00152E-01	1.01732E-01	0.00000E+00
337	3.12936E-01	-2.20192E-01	0.00000E+00
338	-3.04573E-01	2.88795E-01	0.00000E+00
339	-1.23696E-01	2.65292E-01	0.00000E+00
340	1.73617E-01	-4.51597E-01	0.00000E+00
341	6.56889E-02	3.82428E-01	0.00000E+00
342	2.41815E-01	-2.86080E-01	0.00000E+00
343	-2.54240E-01	-1.85191E-01	0.00000E+00
344	-3.66223E-01	-9.10979E-03	0.00000E+00
345	1.46639E-01	2.60870E-01	0.00000E+00
346	3.16874E-01	1.55768E-01	0.00000E+00
347	-3.21268E-01	1.93423E-01	0.00000E+00
348	-1.80045E-01	-1.38935E-01	0.00000E+00
349	8.06615E-02	-2.95551E-01	0.00000E+00
350	-1.05306E-03	-1.40658E-01	0.00000E+00
351	4.87557E-01	1.06703E-01	0.00000E+00
352	2.15312E-01	-2.00013E-01	0.00000E+00
353	-2.22772E-01	2.27361E-01	0.00000E+00
354	8.00039E-02	3.06033E-01	0.00000E+00
355	1.40927E-01	1.65553E-01	0.00000E+00
356	-2.03692E-02	4.21902E-01	0.00000E+00
357	4.71482E-01	-8.53077E-02	0.00000E+00
358	6.85636E-01	-8.49130E-02	0.00000E+00
359	3.83422E-01	-1.52129E-01	0.00000E+00
360	1.65149E-01	-3.44857E-01	0.00000E+00
361	-1.30796E-02	3.10249E-01	0.00000E+00
362	-2.62377E-01	2.43659E-02	0.00000E+00
363	2.27488E-01	1.12146E-01	0.00000E+00
364	-3.45446E-01	9.44011E-02	0.00000E+00
365	-8.87480E-02	-9.06519E-02	0.00000E+00
366	1.03264E-01	-1.91277E-01	0.00000E+00
367	3.93575E-01	1.06706E-01	0.00000E+00
368	1.43425E-01	-5.56911E-01	0.00000E+00
369	6.47599E-01	5.93463E-03	0.00000E+00
370	5.36736E-01	1.25476E-02	0.00000E+00
371	4.27046E-01	2.20307E-02	0.00000E+00
372	3.14513E-01	4.74509E-02	0.00000E+00
373	1.45446E-01	6.95388E-02	0.00000E+00
374	7.30287E-02	4.76252E-01	0.00000E+00
375	2.85592E-01	-1.29925E-01	0.00000E+00
376	-2.41385E-01	1.27976E-01	0.00000E+00
377	6.08847E-02	2.26559E-01	0.00000E+00
378	1.61240E-01	-2.63556E-01	0.00000E+00
379	-3.74351E-02	1.97535E-01	0.00000E+00
380	8.67869E-02	-8.25693E-02	0.00000E+00
381	-2.47717E-03	-4.23928E-02	0.00000E+00
382	2.74548E-01	-4.63621E-01	0.00000E+00
383	-1.40679E-01	1.63880E-01	0.00000E+00
384	2.21371E-01	3.35563E-02	0.00000E+00
385	4.53304E-02	1.16044E-01	0.00000E+00
386	-6.25625E-02	9.80424E-02	0.00000E+00
387	7.24090E-02	1.30769E-02	0.00000E+00
388	1.85061E-01	-1.10857E-01	0.00000E+00
389	3.56271E-01	-5.63000E-02	0.00000E+00
390	-8.21763E-02	4.94822E-03	0.00000E+00
391	4.60370E-01	-1.80481E-01	0.00000E+00
392	-1.60767E-01	6.34422E-02	0.00000E+00
393	-5.89532E-03	3.79436E-02	0.00000E+00
394	1.61108E-01	-1.95289E-02	0.00000E+00
395	-1.76021E-01	-3.79571E-02	0.00000E+00
396	2.53986E-01	-3.92672E-02	0.00000E+00
397	-4.46620E-01	-3.82242E-02	0.00000E+00
398	-4.73950E-01	-1.02549E-01	0.00000E+00
1	0	0	0	0	0	0	-1.00
2	0	0	0	0	0	0	-1.00
3	0	0	0	0	0	0	-1.00
4	0	0	0	0	0	0	-1.00
5	0	0	0	0	0	0	-1.00
6	0	0	0	0	0	0	-1.00
7	0	0	0	0	0	0	-1.00
8	0	0	0	0	0	0	-1.00
9	0	0	0	0	0	0	-1.00
10	0	0	0	0	0	0	-1.00
11	0	0	0	0	0	0	-1.00
12	0	0	0	0	0	0	-1.00
13	0	0	0	0	0	0	-1.00
14	0	0	0	0	0	0	-1.00
15	0	0	0	0	0	0	-1.00
16	0	0	0	0	0	0	-1.00
17	0	0	0	0	0	0	-1.00
18	0	0	0	0	0	0	-1.00
19	0	0	0	0	0	0	-1.00
20	0	0	0	0	0	0	-1.00
21	0	0	0	0	0	0	-1.00
22	0	0	0	0	0	0	-1.00
23	0	0	0	0	0	0	-1.00
24	0	0	0	0	0	0	-1.00
25	0	0	0	0	0	0	-1.00
26	0	0	0	0	0	0	-1.00
27	0	0	0	0	0	0	-1.00
28	0	0	0	0	0	0	-1.00
29	0	0	0	0	0	0	-1.00
30	0	0	0	0	0	0	-1.00
31	0	0	0	0	0	0	-1.00
32	0	0	0	0	0	0	-1.00
33	0	0	0	0	0	0	-1.00
34	0	0	0	0	0	0	-1.00
35	0	0	0	0	0	0	-1.00
36	0	0	0	0	0	0	-1.00
37	0	0	0	0	0	0	-1.00
38	0	0	0	0	0	0	-1.00
39	0	0	0	0	0	0	-1.00
40	0	0	0	0	0	0	-1.00
41	0	0	0	0	0	0	-1.00
42	0	0	0	0	0	0	-1.00
43	0	0	0	0	0	0	-1.00
44	0	0	0	0	0	0	-1.00
45	0	0	0	0	0	0	-1.00
46	0	0	0	0	0	0	-1.00
47	0	0	0	0	0	0	-1.00
48	0	0	0	0	0	0	-1.00
49	0	0	0	0	0	0	-1.00
50	0	0	0	0	0	0	-1.00
51	0	0	0	0	0	0	-1.00
52	0	0	0	0	0	0	-1.00
53	0	0	0	0	0	0	-1.00
54	0	0	0	0	0	0	-1.00
55	0	0	0	0	0	0	-1.00
56	0	0	0	0	0	0	-1.00
57	0	0	0	0	0	0	-1.00
58	0	0	0	0	0	0	-1.00
59	0	0	0	0	0	0	-1.00
60	0	0	0	0	0	0	-1.00
61	0	0	0	0	0	0	-1.00
62	0	0	0	0	0	0	-1.00
63	0	0	0	0	0	0	-1.00
64	0	0	0	0	0	0	-1.00
65	0	0	0	0	0	0	-1.00
66	0	0	0	0	0	0	-1.00
67	0	0	0	0	0	0	-1.00
68	0	0	0	0	0	0	-1.00
69	0	0	0	0	0	0	-1.00
70	0	0	0	0	0	0	-1.00
71	0	0	0	0	0	0	-1.00
72	0	0	0	0	0	0	-1.00
73	0	0	0	0	0	0	-1.00
74	0	0	0	0	0	0	-1.00
75	0	0	0	0	0	0	-1.00
76	0	0	0	0	0	0	-1.00
77	0	0	0	0	0	0	-1.00
78	0	0	0	0	0	0	-1.00
79	0	0	0	0	0	0	-1.00
80	0	0	0	0	0	0	-1.00
81	0	0	0	0	0	0	-1.00
82	0	0	0	0	0	0	-1.00
83	0	0	0	0	0	0	-1.00
84	0	0	0	0	0	0	-1.00
85	0	0	0	0	0	0	-1.00
86	0	0	0	0	0	0	-1.00
87	0	0	0	0	0	0	-1.00
88	0	0	0	0	0	0	-1.00
89	0	0	0	0	0	0	-1.00
90	0	0	0	0	0	0	-1.00
91	0	0	0	0	0	0	-1.00
92	0	0	0	0	0	0	-1.00
93	0	0	0	0	0	0	-1.00
94	0	0	0	0	0	0	-1.00
95	0	0	0	0	0	0	-1.00
96	0	0	0	0	0	0	-1.00
97	0	0	0	0	0	0	-1.00
98	0	0	0	0	0	0	-1.00
99	0	0	0	0	0	0	-1.00
100	0	0	0	0	0	0	-1.00
101	0	0	0	0	0	0	-1.00
102	0	0	0	0	0	0	-1.00
103	0	0	0	0	0	0	-1.00
104	0	0	0	0	0	0	-1.00
105	0	0	0	0	0	0	-1.00
106	0	0	0	0	0	0	-1.00
107	0	0	0	0	0	0	-1.00
108	0	0	0	0	0	0	-1.00
109	0	0	0	0	0	0	-1.00
110	0	0	0	0	0	0	-1.00
111	0	0	0	0	0	0	-1.00
112	0	0	0	0	0	0	-1.00
113	0	0	0	0	0	0	-1.00
114	0	0	0	0	0	0	-1.00
115	0	0	0	0	0	0	-1.00
116	0	0	0	0	0	0	-1.00
117	0	0	0	0	0	0	-1.00
118	0	0	0	0	0	0	-1.00
119	0	0	0	0	0	0	-1.00
120	0	0	0	0	0	0	-1.00
121	0	0	0	0	0	0	-1.00
122	0	0	0	0	0	0	-1.00
123	0	0	0	0	0	0	-1.00
124	0	0	0	0	0	0	-1.00
125	0	0	0	0	0	0	-1.00
126	0	0	0	0	0	0	-1.00
127	0	0	0	0	0	0	-1.00
128	0	0	0	0	0	0	-1.00
129	0	0	0	0	0	0	-1.00
130	0	0	0	0	0	0	-1.00
131	0	0	0	0	0	0	-1.00
132	0	0	0	0	0	0	-1.00
133	0	0	0	0	0	0	-1.00
134	0	0	0	0	0	0	-1.00
135	0	0	0	0	0	0	-1.00
136	0	0	0	0	0	0	-1.00
137	0	0	0	0	0	0	-1.00
138	0	0	0	0	0	0	-1.00
139	0	0	0	0	0	0	-1.00
140	0	0	0	0	0	0	-1.00
141	0	0	0	0	0	0	-1.00
142	0	0	0	0	0	0	-1.00
143	0	0	0	0	0	0	-1.00
144	0	0	0	0	0	0	-1.00
145	0	0	0	0	0	0	-1.00
146	0	0	0	0	0	0	-1.00
147	0	0	0	0	0	0	-1.00
148	0	0	0	0	0	0	-1.00
149	0	0	0	0	0	0	-1.00
150	0	0	0	0	0	0	-1.00
151	0	0	0	0	0	0	-1.00
152	0	0	0	0	0	0	-1.00
153	0	0	0	0	0	0	-1.00
154	0	0	0	0	0	0	-1.00
155	0	0	0	0	0	0	-1.00
156	0	0	0	0	0	0	-1.00
157	0	0	0	0	0	0	-1.00
158	0	0	0	0	0	0	-1.00
159	0	0	0	0	0	0	-1.00
160	0	0	0	0	0	0	-1.00
161	0	0	0	0	0	0	-1.00
162	0	0	0	0	0	0	-1.00
163	0	0	0	0	0	0	-1.00
164	0	0	0	0	0	0	-1.00
165	0	0	0	0	0	0	-1.00
166	0	0	0	0	0	0	-1.00
167	0	0	0	0	0	0	-1.00
168	0	0	0	0	0	0	-1.00
169	0	0	0	0	0	0	-1.00
170	0	0	0	0	0	0	-1.00
171	0	0	0	0	0	0	-1.00
172	0	0	0	0	0	0	-1.00
173	0	0	0	0	0	0	-1.00
174	0	0	0	0	0	0	-1.00
175	0	0	0	0	0	0	-1.00
176	0	0	0	0	0	0	-1.00
177	0	0	0	0	0	0	-1.00
178	0	0	0	0	0	0	-1.00
179	0	0	0	0	0	0	-1.00
180	0	0	0	0	0	0	-1.00
181	0	0	0	0	0	0	-1.00
182	0	0	0	0	0	0	-1.00
183	0	0	0	0	0	0	-1.00
184	0	0	0	0	0	0	-1.00
185	0	0	0	0	0	0	-1.00
186	0	0	0	0	0	0	-1.00
187	0	0	0	0	0	0	-1.00
188	0	0	0	0	0	0	-1.00
189	0	0	0	0	0	0	-1.00
190	0	0	0	0	0	0	-1.00
191	0	0	0	0	0	0	-1.00
192	0	0	0	0	0	0	-1.00
193	0	0	0	0	0	0	-1.00
194	0	0	0	0	0	0	-1.00
195	0	0	0	0	0	0	-1.00
196	0	0	0	0	0	0	-1.00
197	0	0	0	0	0	0	-1.00
198	0	0	0	0	0	0	-1.00
199	0	0	0	0	0	0	-1.00
200	0	0	0	0	0	0	-1.00
201	0	0	0	0	0	0	-1.00
202	0	0	0	0	0	0	-1.00
203	0	0	0	0	0	0	-1.00
204	0	0	0	0	0	0	-1.00
205	0	0	0	0	0	0	-1.00
206	0	0	0	0	0	0	-1.00
207	0	0	0	0	0	0	-1.00
208	0	0	0	0	0	0	-1.00
209	0	0	0	0	0	0	-1.00
210	0	0	0	0	0	0	-1.00
211	0	0	0	0	0	0	-1.00
212	0	0	0	0	0	0	-1.00
213	0	0	0	0	0	0	-1.00
214	0	0	0	0	0	0	-1.00
215	0	0	0	0	0	0	-1.00
216	0	0	0	0	0	0	-1.00
217	0	0	0	0	0	0	-1.00
218	0	0	0	0	0	0	-1.00
219	0	0	0	0	0	0	-1.00
220	0	0	0	0	0	0	-1.00
221	0	0	0	0	0	0	-1.00
222	0	0	0	0	0	0	-1.00
223	0	0	0	0	0	0	-1.00
224	0	0	0	0	0	0	-1.00
225	0	0	0	0	0	0	-1.00
226	0	0	0	0	0	0	-1.00
227	0	0	0	0	0	0	-1.00
228	0	0	0	0	0	0	-1.00
229	0	0	0	0	0	0	-1.00
230	0	0	0	0	0	0	-1.00
231	0	0	0	0	0	0	-1.00
232	0	0	0	0	0	0	-1.00
233	0	0	0	0	0	0	-1.00
234	0	0	0	0	0	0	-1.00
235	0	0	0	0	0	0	-1.00
236	0	0	0	0	0	0	-1.00
237	0	0	0	0	0	0	-1.00
238	0	0	0	0	0	0	-1.00
239	0	0	0	0	0	0	-1.00
240	0	0	0	0	0	0	-1.00
241	0	0	0	0	0	0	-1.00
242	0	0	0	0	0	0	-1.00
243	0	0	0	0	0	0	-1.00
244	0	0	0	0	0	0	-1.00
245	0	0	0	0	0	0	-1.00
246	0	0	0	0	0	0	-1.00
247	0	0	0	0	0	0	-1.00
248	0	0	0	0	0	0	-1.00
249	0	0	0	0	0	0	-1.00
250	0	0	0	0	0	0	-1.00
251	0	0	0	0	0	0	-1.00
252	0	0	0	0	0	0	-1.00
253	0	0	0	0	0	0	-1.00
254	0	0	0	0	0	0	-1.00
255	0	0	0	0	0	0	-1.00
256	0	0	0	0	0	0	-1.00
257	0	0	0	0	0	0	-1.00
258	0	0	0	0	0	0	-1.00
259	0	0	0	0	0	0	-1.00
260	0	0	0	0	0	0	-1.00
261	0	0	0	0	0	0	-1.00
262	0	0	0	0	0	0	-1.00
263	0	0	0	0	0	0	-1.00
264	0	0	0	0	0	0	-1.00
265	0	0	0	0	0	0	-1.00
266	0	0	0	0	0	0	-1.00
267	0	0	0	0	0	0	-1.00
268	0	0	0	0	0	0	-1.00
269	0	0	0	0	0	0	-1.00
270	0	0	0	0	0	0	-1.00
271	0	0	0	0	0	0	-1.00
272	0	0	0	0	0	0	-1.00
273	0	0	0	0	0	0	-1.00
274	0	0	0	0	0	0	-1.00
275	0	0	0	0	0	0	-1.00
276	0	0	0	0	0	0	-1.00
277	0	0	0	0	0	0	-1.00
278	0	0	0	0	0	0	-1.00
279	0	0	0	0	0	0	-1.00
280	0	0	0	0	0	0	-1.00
281	0	0	0	0	0	0	-1.00
282	0	0	0	0	0	0	-1.00
283	0	0	0	0	0	0	-1.00
284	0	0	0	0	0	0	-1.00
285	0	0	0	0	0	0	-1.00
286	0	0	0	0	0	0	-1.00
287	0	0	0	0	0	0	-1.00
288	0	0	0	0	0	0	-1.00
289	0	0	0	0	0	0	-1.00
290	0	0	0	0	0	0	-1.00
291	0	0	0	0	0	0	-1.00
292	0	0	0	0	0	0	-1.00
293	0	0	0	0	0	0	-1.00
294	0	0	0	0	0	0	-1.00
295	0	0	0	0	0	0	-1.00
296	0	0	0	0	0	0	-1.00
297	0	0	0	0	0	0	-1.00
298	0	0	0	0	0	0	-1.00
299	0	0	0	0	0	0	-1.00
300	0	0	0	0	0	0	-1.00
301	0	0	0	0	0	0	-1.00
302	0	0	0	0	0	0	-1.00
303	0	0	0	0	0	0	-1.00
304	0	0	0	0	0	0	-1.00
305	0	0	0	0	0	0	-1.00
306	0	0	0	0	0	0	-1.00
307	0	0	0	0	0	0	-1.00
308	0	0	0	0	0	0	-1.00
309	0	0	0	0	0	0	-1.00
310	0	0	0	0	0	0	-1.00
311	0	0	0	0	0	0	-1.00
312	0	0	0	0	0	0	-1.00
313	0	0	0	0	0	0	-1.00
314	0	0	0	0	0	0	-1.00
315	0	0	0	0	0	0	-1.00
316	0	0	0	0	0	0	-1.00
317	0	0	0	0	0	0	-1.00
318	0	0	0	0	0	0	-1.00
319	0	0	0	0	0	0	-1.00
320	0	0	0	0	0	0	-1.00
321	0	0	0	0	0	0	-1.00
322	0	0	0	0	0	0	-1.00
323	0	0	0	0	0	0	-1.00
324	0	0	0	0	0	0	-1.00
325	0	0	0	0	0	0	-1.00
326	0	0	0	0	0	0	-1.00
327	0	0	0	0	0	0	-1.00
328	0	0	0	0	0	0	-1.00
329	0	0	0	0	0	0	-1.00
330	0	0	0	0	0	0	-1.00
331	0	0	0	0	0	0	-1.00
332	0	0	0	0	0	0	-1.00
333	0	0	0	0	0	0	-1.00
334	0	0	0	0	0	0	-1.00
335	0	0	0	0	0	0	-1.00
336	0	0	0	0	0	0	-1.00
337	0	0	0	0	0	0	-1.00
338	0	0	0	0	0	0	-1.00
339	0	0	0	0	0	0	-1.00
340	0	0	0	0	0	0	-1.00
341	0	0	0	0	0	0	-1.00
342	0	0	0	0	0	0	-1.00
343	0	0	0	0	0	0	-1.00
344	0	0	0	0	0	0	-1.00
345	0	0	0	0	0	0	-1.00
346	0	0	0	0	0	0	-1.00
347	0	0	0	0	0	0	-1.00
348	0	0	0	0	0	0	-1.00
349	0	0	0	0	0	0	-1.00
350	0	0	0	0	0	0	-1.00
351	0	0	0	0	0	0	-1.00
352	0	0	0	0	0	0	-1.00
353	0	0	0	0	0	0	-1.00
354	0	0	0	0	0	0	-1.00
355	0	0	0	0	0	0	-1.00
356	0	0	0	0	0	0	-1.00
357	0	0	0	0	0	0	-1.00
358	0	0	0	0	0	0	-1.00
359	0	0	0	0	0	0	-1.00
360	0	0	0	0	0	0	-1.00
361	0	0	0	0	0	0	-1.00
362	0	0	0	0	0	0	-1.00
363	0	0	0	0	0	0	-1.00
364	0	0	0	0	0	0	-1.00
365	0	0	0	0	0	0	-1.00
366	0	0	0	0	0	0	-1.00
367	0	0	0	0	0	0	-1.00
368	0	0	0	0	0	0	-1.00
369	0	0	0	0	0	0	-1.00
370	0	0	0	0	0	0	-1.00
371	0	0	0	0	0	0	-1.00
372	0	0	0	0	0	0	-1.00
373	0	0	0	0	0	0	-1.00
374	0	0	0	0	0	0	-1.00
375	0	0	0	0	0	0	-1.00
376	0	0	0	0	0	0	-1.00
377	0	0	0	0	0	0	-1.00
378	0	0	0	0	0	0	-1.00
379	0	0	0	0	0	0	-1.00
380	0	0	0	0	0	0	-1.00
381	0	0	0	0	0	0	-1.00
382	0	0	0	0	0	0	-1.00
383	0	0	0	0	0	0	-1.00
384	0	0	0	0	0	0	-1.00
385	0	0	0	0	0	0	-1.00
386	0	0	0	0	0	0	-1.00
387	0	0	0	0	0	0	-1.00
388	0	0	0	0	0	0	-1.00
389	0	0	0	0	0	0	-1.00
390	0	0	0	0	0	0	-1.00
391	0	0	0	0	0	0	-1.00
392	0	0	0	0	0	0	-1.00
393	0	0	0	0	0	0	-1.00
394	0	0	0	0	0	0	-1.00
395	0	0	0	0	0	0	-1.00
396	0	0	0	0	0	0	-1.00
397	0	0	0	0	0	0	-1.00
398	0	0	0	0	0	0	-1.00
399	0	0	0	0	0	0	-1.00
400	0	0	0	0	0	0	-1.00
401	0	0	0	0	0	0	-1.00
402	0	0	0	0	0	0	-1.00
403	0	0	0	0	0	0	-1.00
404	0	0	0	0	0	0	-1.00
405	0	0	0	0	0	0	-1.00
406	0	0	0	0	0	0	-1.00
407	0	0	0	0	0	0	-1.00
408	0	0	0	0	0	0	-1.00
409	0	0	0	0	0	0	-1.00
410	0	0	0	0	0	0	-1.00
411	0	0	0	0	0	0	-1.00
412	0	0	0	0	0	0	-1.00
413	0	0	0	0	0	0	-1.00
414	0	0	0	0	0	0	-1.00
415	0	0	0	0	0	0	-1.00
416	0	0	0	0	0	0	-1.00
417	0	0	0	0	0	0	-1.00
418	0	0	0	0	0	0	-1.00
419	0	0	0	0	0	0	-1.00
420	0	0	0	0	0	0	-1.00
421	0	0	0	0	0	0	-1.00
422	0	0	0	0	0	0	-1.00
423	0	0	0	0	0	0	-1.00
424	0	0	0	0	0	0	-1.00
425	0	0	0	0	0	0	-1.00
426	0	0	0	0	0	0	-1.00
427	0	0	0	0	0	0	-1.00
428	0	0	0	0	0	0	-1.00
429	0	0	0	0	0	0	-1.00
430	0	0	0	0	0	0	-1.00
431	0	0	0	0	0	0	-1.00
432	0	0	0	0	0	0	-1.00
433	0	0	0	0	0	0	-1.00
434	0	0	0	0	0	0	-1.00
435	0	0	0	0	0	0	-1.00
436	0	0	0	0	0	0	-1.00
437	0	0	0	0	0	0	-1.00
438	0	0	0	0	0	0	-1.00
439	0	0	0	0	0	0	-1.00
440	0	0	0	0	0	0	-1.00
441	0	0	0	0	0	0	-1.00
442	0	0	0	0	0	0	-1.00
443	0	0	0	0	0	0	-1.00
444	0	0	0	0	0	0	-1.00
445	0	0	0	0	0	0	-1.00
446	0	0	0	0	0	0	-1.00
447	0	0	0	0	0	0	-1.00
448	0	0	0	0	0	0	-1.00
449	0	0	0	0	0	0	-1.00
450	0	0	0	0	0	0	-1.00
451	0	0	0	0	0	0	-1.00
452	0	0	0	0	0	0	-1.00
453	0	0	0	0	0	0	-1.00
454	0	0	0	0	0	0	-1.00
455	0	0	0	0	0	0	-1.00
456	0	0	0	0	0	0	-1.00
457	0	0	0	0	0	0	-1.00
458	0	0	0	0	0	0	-1.00
459	0	0	0	0	0	0	-1.00
460	0	0	0	0	0	0	-1.00
461	0	0	0	0	0	0	-1.00
462	0	0	0	0	0	0	-1.00
463	0	0	0	0	0	0	-1.00
464	0	0	0	0	0	0	-1.00
465	0	0	0	0	0	0	-1.00
466	0	0	0	0	0	0	-1.00
467	0	0	0	0	0	0	-1.00
468	0	0	0	0	0	0	-1.00
469	0	0	0	0	0	0	-1.00
470	0	0	0	0	0	0	-1.00
471	0	0	0	0	0	0	-1.00
472	0	0	0	0	0	0	-1.00
473	0	0	0	0	0	0	-1.00
474	0	0	0	0	0	0	-1.00
475	0	0	0	0	0	0	-1.00
476	0	0	0	0	0	0	-1.00
477	0	0	0	0	0	0	-1.00
478	0	0	0	0	0	0	-1.00
479	0	0	0	0	0	0	-1.00
480	0	0	0	0	0	0	-1.00
481	0	0	0	0	0	0	-1.00
482	0	0	0	0	0	0	-1.00
483	0	0	0	0	0	0	-1.00
484	0	0	0	0	0	0	-1.00
485	0	0	0	0	0	0	-1.00
486	0	0	0	0	0	0	-1.00
487	0	0	0	0	0	0	-1.00
488	0	0	0	0	0	0	-1.00
489	0	0	0	0	0	0	-1.00
490	0	0	0	0	0	0	-1.00
491	0	0	0	0	0	0	-1.00
492	0	0	0	0	0	0	-1.00
493	0	0	0	0	0	0	-1.00
494	0	0	0	0	0	0	-1.00
495	0	0	0	0	0	0	-1.00
496	0	0	0	0	0	0	-1.00
497	0	0	0	0	0	0	-1.00
498	0	0	0	0	0	0	-1.00
499	0	0	0	0	0	0	-1.00
500	0	0	0	0	0	0	-1.00
501	0	0	0	0	0	0	-1.00
502	0	0	0	0	0	0	-1.00
503	0	0	0	0	0	0	-1.00
504	0	0	0	0	0	0	-1.00
505	0	0	0	0	0	0	-1.00
506	0	0	0	0	0	0	-1.00
507	0	0	0	0	0	0	-1.00
508	0	0	0	0	0	0	-1.00
509	0	0	0	0	0	0	-1.00
510	0	0	0	0	0	0	-1.00
511	0	0	0	0	0	0	-1.00
512	0	0	0	0	0	0	-1.00
513	0	0	0	0	0	0	-1.00
514	0	0	0	0	0	0	-1.00
515	0	0	0	0	0	0	-1.00
516	0	0	0	0	0	0	-1.00
517	0	0	0	0	0	0	-1.00
518	0	0	0	0	0	0	-1.00
519	0	0	0	0	0	0	-1.00
520	0	0	0	0	0	0	-1.00
521	0	0	0	0	0	0	-1.00
522	0	0	0	0	0	0	-1.00
523	0	0	0	0	0	0	-1.00
524	0	0	0	0	0	0	-1.00
525	0	0	0	0	0	0	-1.00
526	0	0	0	0	0	0	-1.00
527	0	0	0	0	0	0	-1.00
528	0	0	0	0	0	0	-1.00
529	0	0	0	0	0	0	-1.00
530	0	0	0	0	0	0	-1.00
531	0	0	0	0	0	0	-1.00
532	0	0	0	0	0	0	-1.00
533	0	0	0	0	0	0	-1.00
534	0	0	0	0	0	0	-1.00
535	0	0	0	0	0	0	-1.00
536	0	0	0	0	0	0	-1.00
537	0	0	0	0	0	0	-1.00
538	0	0	0	0	0	0	-1.00
539	0	0	0	0	0	0	-1.00
540	0	0	0	0	0	0	-1.00
541	0	0	0	0	0	0	-1.00
542	0	0	0	0	0	0	-1.00
543	0	0	0	0	0	0	-1.00
544	0	0	0	0	0	0	-1.00
545	0	0	0	0	0	0	-1.00
546	0	0	0	0	0	0	-1.00
547	0	0	0	0	0	0	-1.00
548	0	0	0	0	0	0	-1.00
549	0	0	0	0	0	0	-1.00
550	0	0	0	0	0	0	-1.00
551	0	0	0	0	0	0	-1.00
552	0	0	0	0	0	0	-1.00
553	0	0	0	0	0	0	-1.00
554	0	0	0	0	0	0	-1.00
555	0	0	0	0	0	0	-1.00
556	0	0	0	0	0	0	-1.00
557	0	0	0	0	0	0	-1.00
558	0	0	0	0	0	0	-1.00
559	0	0	0	0	0	0	-1.00
560	0	0	0	0	0	0	-1.00
561	0	0	0	0	0	0	-1.00
562	0	0	0	0	0	0	-1.00
563	0	0	0	0	0	0	-1.00
564	0	0	0	0	0	0	-1.00
565	0	0	0	0	0	0	-1.00
566	0	0	0	0	0	0	-1.00
567	0	0	0	0	0	0	-1.00
568	0	0	0	0	0	0	-1.00
569	0	0	0	0	0	0	-1.00
570	0	0	0	0	0	0	-1.00
571	0	0	0	0	0	0	-1.00
572	0	0	0	0	0	0	-1.00
573	0	0	0	0	0	0	-1.00
574	0	0	0	0	0	0	-1.00
575	0	0	0	0	0	0	-1.00
576	0	0	0	0	0	0	-1.00
577	0	0	0	0	0	0	-1.00
578	0	0	0	0	0	0	-1.00
579	0	0	0	0	0	0	-1.00
580	0	0	0	0	0	0	-1.00
581	0	0	0	0	0	0	-1.00
582	0	0	0	0	0	0	-1.00
583	0	0	0	0	0	0	-1.00
584	0	0	0	0	0	0	-1.00
585	0	0	0	0	0	0	-1.00
586	0	0	0	0	0	0	-1.00
587	0	0	0	0	0	0	-1.00
588	0	0	0	0	0	0	-1.00
589	0	0	0	0	0	0	-1.00
590	0	0	0	0	0	0	-1.00
591	0	0	0	0	0	0	-1.00
592	0	0	0	0	0	0	-1.00
593	0	0	0	0	0	0	-1.00
594	0	0	0	0	0	0	-1.00
595	0	0	0	0	0	0	-1.00
596	0	0	0	0	0	0	-1.00
597	0	0	0	0	0	0	-1.00
598	0	0	0	0	0	0	-1.00
599	0	0	0	0	0	0	-1.00
600	0	0	0	0	0	0	-1.00
601	0	0	0	0	0	0	-1.00
602	0	0	0	0	0	0	-1.00
603	0	0	0	0	0	0	-1.00
604	0	0	0	0	0	0	-1.00
605	0	0	0	0	0	0	-1.00
606	0	0	0	0	0	0	-1.00
607	0	0	0	0	0	0	-1.00
608	0	0	0	0	0	0	-1.00
609	0	0	0	0	0	0	-1.00
610	0	0	0	0	0	0	-1.00
611	0	0	0	0	0	0	-1.00
612	0	0	0	0	0	0	-1.00
613	0	0	0	0	0	0	-1.00
614	0	0	0	0	0	0	-1.00
615	0	0	0	0	0	0	-1.00
616	0	0	0	0	0	0	-1.00
617	0	0	0	0	0	0	-1.00
618	0	0	0	0	0	0	-1.00
619	0	0	0	0	0	0	-1.00
620	0	0	0	0	0	0	-1.00
621	0	0	0	0	0	0	-1.00
622	0	0	0	0	0	0	-1.00
623	0	0	0	0	0	0	-1.00
624	0	0	0	0	0	0	-1.00
625	0	0	0	0	0	0	-1.00
626	0	0	0	0	0	0	-1.00
627	0	0	0	0	0	0	-1.00
628	0	0	0	0	0	0	-1.00
629	0	0	0	0	0	0	-1.00
630	0	0	0	0	0	0	-1.00
631	0	0	0	0	0	0	-1.00
632	0	0	0	0	0	0	-1.00
633	0	0	0	0	0	0	-1.00
634	0	0	0	0	0	0	-1.00
635	0	0	0	0	0	0	-1.00
636	0	0	0	0	0	0	-1.00
637	0	0	0	0	0	0	-1.00
638	0	0	0	0	0	0	-1.00
639	0	0	0	0	0	0	-1.00
640	0	0	0	0	0	0	-1.00
641	0	0	0	0	0	0	-1.00
642	0	0	0	0	0	0	-1.00
643	0	0	0	0	0	0	-1.00
644	0	0	0	0	0	0	-1.00
645	0	0	0	0	0	0	-1.00
646	0	0	0	0	0	0	-1.00
647	0	0	0	0	0	0	-1.00
648	0	0	0	0	0	0	-1.00
649	0	0	0	0	0	0	-1.00
650	0	0	0	0	0	0	-1.00
651	0	0	0	0	0	0	-1.00
652	0	0	0	0	0	0	-1.00
653	0	0	0	0	0	0	-1.00
654	0	0	0	0	0	0	-1.00
655	0	0	0	0	0	0	-1.00
656	0	0	0	0	0	0	-1.00
657	0	0	0	0	0	0	-1.00
658	0	0	0	0	0	0	-1.00
659	0	0	0	0	0	0	-1.00
660	0	0	0	0	0	0	-1.00
661	0	0	0	0	0	0	-1.00
662	0	0	0	0	0	0	-1.00
663	0	0	0	0	0	0	-1.00
664	0	0	0	0	0	0	-1.00
665	0	0	0	0	0	0	-1.00
666	0	0	0	0	0	0	-1.00
667	0	0	0	0	0	0	-1.00
668	0	0	0	0	0	0	-1.00
669	0	0	0	0	0	0	-1.00
670	0	0	0	0	0	0	-1.00
671	0	0	0	0	0	0	-1.00
672	0	0	0	0	0	0	-1.00
673	0	0	0	0	0	0	-1.00
674	0	0	0	0	0	0	-1.00
675	0	0	0	0	0	0	-1.00
676	0	0	0	0	0	0	-1.00
677	0	0	0	0	0	0	-1.00
678	0	0	0	0	0	0	-1.00
679	0	0	0	0	0	0	-1.00
680	0	0	0	0	0	0	-1.00
681	0	0	0	0	0	0	-1.00
682	0	0	0	0	0	0	-1.00
683	0	0	0	0	0	0	-1.00
684	0	0	0	0	0	0	-1.00
685	0	0	0	0	0	0	-1.00
686	0	0	0	0	0	0	-1.00
687	0	0	0	0	0	0	-1.00
688	0	0	0	0	0	0	-1.00
689	0	0	0	0	0	0	-1.00
690	0	0	0	0	0	0	-1.00
691	0	0	0	0	0	0	-1.00
692	0	0	0	0	0	0	-1.00
693	0	0	0	0	0	0	-1.00
694	0	0	0	0	0	0	-1.00
695	0	0	0	0	0	0	-1.00
696	0	0	0	0	0	0	-1.00
697	0	0	0	0	0	0	-1.00
698	0	0	0	0	0	0	-1.00
699	0	0	0	0	0	0	-1.00
700	0	0	0	0	0	0	-1.00
701	0	0	0	0	0	0	-1.00
702	0	0	0	0	0	0	-1.00
703	0	0	0	0	0	0	-1.00
704	0	0	0	0	0	0	-1.00
705	0	0	0	0	0	0	-1.00
706	0	0	0	0	0	0	-1.00
707	0	0	0	0	0	0	-1.00
708	0	0	0	0	0	0	-1.00
709	0	0	0	0	0	0	-1.00
710	0	0	0	0	0	0	-1.00
711	0	0	0	0	0	0	-1.00
712	0	0	0	0	0	0	-1.00
713	0	0	0	0	0	0	-1.00
714	0	0	0	0	0	0	-1.00
715	0	0	0	0	0	0	-1.00
716	0	0	0	0	0	0	-1.00
717	0	0	0	0	0	0	-1.00
718	0	0	0	0	0	0	-1.00
719	0	0	0	0	0	0	-1.00
720	0	0	0	0	0	0	-1.00
721	0	0	0	0	0	0	-1.00
722	0	0	0	0	0	0	-1.00
723	0	0	0	0	0	0	-1.00
724	0	0	0	0	0	0	-1.00
725	0	0	0	0	0	0	-1.00
726	0	0	0	0	0	0	-1.00
727	0	0	0	0	0	0	-1.00
728	0	0	0	0	0	0	-1.00
729	0	0	0	0	0	0	-1.00
730	0	0	0	0	0	0	-1.00
731	0	0	0	0	0	0	-1.00

