       1    0.000000E+00    0.000000E+00   -4.229440E-05
       2    0.000000E+00    0.000000E+00   -4.566459E-05
       3    0.000000E+00    0.000000E+00   -4.856238E-05
       4    0.000000E+00    0.000000E+00   -5.104540E-05
       5    0.000000E+00    0.000000E+00   -5.316436E-05
       6    0.000000E+00    0.000000E+00   -5.497059E-05
       7    0.000000E+00    0.000000E+00   -5.648543E-05
       8    0.000000E+00    0.000000E+00   -5.772959E-05
       9    0.000000E+00    0.000000E+00   -5.873362E-05
      10    0.000000E+00    0.000000E+00   -4.203252E-05
      11    0.000000E+00    0.000000E+00   -4.537977E-05
      12    0.000000E+00    0.000000E+00   -4.825919E-05
      13    0.000000E+00    0.000000E+00   -5.073786E-05
      14    0.000000E+00    0.000000E+00   -5.286426E-05
      15    0.000000E+00    0.000000E+00   -5.467773E-05
      16    0.000000E+00    0.000000E+00   -5.620258E-05
      17    0.000000E+00    0.000000E+00   -5.745759E-05
      18    0.000000E+00    0.000000E+00   -5.846698E-05
      19    0.000000E+00    0.000000E+00   -4.156699E-05
      20    0.000000E+00    0.000000E+00   -4.488748E-05
      21    0.000000E+00    0.000000E+00   -4.774602E-05
      22    0.000000E+00    0.000000E+00   -5.021277E-05
      23    0.000000E+00    0.000000E+00   -5.233596E-05
      24    0.000000E+00    0.000000E+00   -5.415135E-05
      25    0.000000E+00    0.000000E+00   -5.568294E-05
      26    0.000000E+00    0.000000E+00   -5.694730E-05
      27    0.000000E+00    0.000000E+00   -5.796328E-05
      28    0.000000E+00    0.000000E+00   -4.094064E-05
      29    0.000000E+00    0.000000E+00   -4.422361E-05
      30    0.000000E+00    0.000000E+00   -4.705062E-05
      31    0.000000E+00    0.000000E+00   -4.949391E-05
      32    0.000000E+00    0.000000E+00   -5.160232E-05
      33    0.000000E+00    0.000000E+00   -5.341037E-05
      34    0.000000E+00    0.000000E+00   -5.494109E-05
      35    0.000000E+00    0.000000E+00   -5.620899E-05
      36    0.000000E+00    0.000000E+00   -5.722863E-05
      37    0.000000E+00    0.000000E+00   -4.018072E-05
      38    0.000000E+00    0.000000E+00   -4.340726E-05
      39    0.000000E+00    0.000000E+00   -4.618572E-05
      40    0.000000E+00    0.000000E+00   -4.858997E-05
      41    0.000000E+00    0.000000E+00   -5.066958E-05
      42    0.000000E+00    0.000000E+00   -5.245853E-05
      43    0.000000E+00    0.000000E+00   -5.397862E-05
      44    0.000000E+00    0.000000E+00   -5.524217E-05
      45    0.000000E+00    0.000000E+00   -5.625992E-05
      46    0.000000E+00    0.000000E+00   -3.930052E-05
      47    0.000000E+00    0.000000E+00   -4.244729E-05
      48    0.000000E+00    0.000000E+00   -4.515588E-05
      49    0.000000E+00    0.000000E+00   -4.750203E-05
      50    0.000000E+00    0.000000E+00   -4.953618E-05
      51    0.000000E+00    0.000000E+00   -5.129196E-05
      52    0.000000E+00    0.000000E+00   -5.278980E-05
      53    0.000000E+00    0.000000E+00   -5.403949E-05
      54    0.000000E+00    0.000000E+00   -5.504782E-05
      55    0.000000E+00    0.000000E+00   -3.830535E-05
      56    0.000000E+00    0.000000E+00   -4.134644E-05
      57    0.000000E+00    0.000000E+00   -4.396054E-05
      58    0.000000E+00    0.000000E+00   -4.622626E-05
      59    0.000000E+00    0.000000E+00   -4.819548E-05
      60    0.000000E+00    0.000000E+00   -4.990163E-05
      61    0.000000E+00    0.000000E+00   -5.136357E-05
      62    0.000000E+00    0.000000E+00   -5.258821E-05
      63    0.000000E+00    0.000000E+00   -5.357798E-05
      64    0.000000E+00    0.000000E+00   -3.719587E-05
      65    0.000000E+00    0.000000E+00   -4.010146E-05
      66    0.000000E+00    0.000000E+00   -4.259271E-05
      67    0.000000E+00    0.000000E+00   -4.475251E-05
      68    0.000000E+00    0.000000E+00   -4.663468E-05
      69    0.000000E+00    0.000000E+00   -4.827252E-05
      70    0.000000E+00    0.000000E+00   -4.968302E-05
      71    0.000000E+00    0.000000E+00   -5.086985E-05
      72    0.000000E+00    0.000000E+00   -5.183050E-05
      73    0.000000E+00    0.000000E+00   -3.596671E-05
      74    0.000000E+00    0.000000E+00   -3.869838E-05
      75    0.000000E+00    0.000000E+00   -4.103311E-05
      76    0.000000E+00    0.000000E+00   -4.305864E-05
      77    0.000000E+00    0.000000E+00   -4.483021E-05
      78    0.000000E+00    0.000000E+00   -4.638011E-05
      79    0.000000E+00    0.000000E+00   -4.772271E-05
      80    0.000000E+00    0.000000E+00   -4.885805E-05
      81    0.000000E+00    0.000000E+00   -4.977813E-05
      82    0.000000E+00    0.000000E+00   -3.460782E-05
      83    0.000000E+00    0.000000E+00   -3.710804E-05
      84    0.000000E+00    0.000000E+00   -3.924349E-05
      85    0.000000E+00    0.000000E+00   -4.110427E-05
      86    0.000000E+00    0.000000E+00   -4.274245E-05
      87    0.000000E+00    0.000000E+00   -4.418594E-05
      88    0.000000E+00    0.000000E+00   -4.544478E-05
      89    0.000000E+00    0.000000E+00   -4.651507E-05
      90    0.000000E+00    0.000000E+00   -4.738289E-05
      91    0.000000E+00    0.000000E+00   -3.311692E-05
      92    0.000000E+00    0.000000E+00   -3.528529E-05
      93    0.000000E+00    0.000000E+00   -3.716314E-05
      94    0.000000E+00    0.000000E+00   -3.882755E-05
      95    0.000000E+00    0.000000E+00   -4.031199E-05
      96    0.000000E+00    0.000000E+00   -4.163294E-05
      97    0.000000E+00    0.000000E+00   -4.279369E-05
      98    0.000000E+00    0.000000E+00   -4.378612E-05
      99    0.000000E+00    0.000000E+00   -4.459016E-05
     100    0.000000E+00    0.000000E+00   -3.151060E-05
     101    0.000000E+00    0.000000E+00   -3.315101E-05
     102    0.000000E+00    0.000000E+00   -3.470225E-05
     103    0.000000E+00    0.000000E+00   -3.613754E-05
     104    0.000000E+00    0.000000E+00   -3.744635E-05
     105    0.000000E+00    0.000000E+00   -3.862817E-05
     106    0.000000E+00    0.000000E+00   -3.967660E-05
     107    0.000000E+00    0.000000E+00   -4.057875E-05
     108    0.000000E+00    0.000000E+00   -4.131388E-05
     109    0.000000E+00    0.000000E+00   -3.743002E-05
     110    0.000000E+00    0.000000E+00   -3.274608E-05
     111    0.000000E+00    0.000000E+00   -2.679050E-05
     112    0.000000E+00    0.000000E+00   -1.829498E-05
     113    0.000000E+00    0.000000E+00   -3.677219E-05
     114    0.000000E+00    0.000000E+00   -3.218212E-05
     115    0.000000E+00    0.000000E+00   -2.633326E-05
     116    0.000000E+00    0.000000E+00   -1.798139E-05
     117    0.000000E+00    0.000000E+00   -3.597315E-05
     118    0.000000E+00    0.000000E+00   -3.149660E-05
     119    0.000000E+00    0.000000E+00   -2.577881E-05
     120    0.000000E+00    0.000000E+00   -1.760206E-05
     121    0.000000E+00    0.000000E+00   -3.504370E-05
     122    0.000000E+00    0.000000E+00   -3.068783E-05
     123    0.000000E+00    0.000000E+00   -2.513585E-05
     124    0.000000E+00    0.000000E+00   -1.716657E-05
     125    0.000000E+00    0.000000E+00   -3.400628E-05
     126    0.000000E+00    0.000000E+00   -2.980501E-05
     127    0.000000E+00    0.000000E+00   -2.443394E-05
     128    0.000000E+00    0.000000E+00   -1.669318E-05
     129    0.000000E+00    0.000000E+00   -3.289517E-05
     130    0.000000E+00    0.000000E+00   -2.889464E-05
     131    0.000000E+00    0.000000E+00   -2.371026E-05
     132    0.000000E+00    0.000000E+00   -1.620708E-05
     133    0.000000E+00    0.000000E+00   -3.171652E-05
     134    0.000000E+00    0.000000E+00   -2.795786E-05
     135    0.000000E+00    0.000000E+00   -2.299348E-05
     136    0.000000E+00    0.000000E+00   -1.573649E-05
     137    0.000000E+00    0.000000E+00   -3.052449E-05
     138    0.000000E+00    0.000000E+00   -2.707359E-05
     139    0.000000E+00    0.000000E+00   -2.235677E-05
     140    0.000000E+00    0.000000E+00   -1.533321E-05
     141    0.000000E+00    0.000000E+00   -2.952153E-05
     142    0.000000E+00    0.000000E+00   -2.644462E-05
     143    0.000000E+00    0.000000E+00   -2.193694E-05
     144    0.000000E+00    0.000000E+00   -1.507110E-05
     145    0.000000E+00    0.000000E+00   -1.504833E-05
     146    0.000000E+00    0.000000E+00   -1.526380E-05
     147    0.000000E+00    0.000000E+00   -1.561898E-05
     148    0.000000E+00    0.000000E+00   -1.604101E-05
     149    0.000000E+00    0.000000E+00   -1.648956E-05
     150    0.000000E+00    0.000000E+00   -1.692814E-05
     151    0.000000E+00    0.000000E+00   -1.734305E-05
     152    0.000000E+00    0.000000E+00   -1.772733E-05
     153    0.000000E+00    0.000000E+00   -1.807294E-05
     154    0.000000E+00    0.000000E+00   -1.836573E-05
     155    0.000000E+00    0.000000E+00   -1.858397E-05
     156    0.000000E+00    0.000000E+00   -1.869054E-05
     157    0.000000E+00    0.000000E+00   -2.191099E-05
     158    0.000000E+00    0.000000E+00   -2.227503E-05
     159    0.000000E+00    0.000000E+00   -2.285025E-05
     160    0.000000E+00    0.000000E+00   -2.351144E-05
     161    0.000000E+00    0.000000E+00   -2.418863E-05
     162    0.000000E+00    0.000000E+00   -2.484127E-05
     163    0.000000E+00    0.000000E+00   -2.545271E-05
     164    0.000000E+00    0.000000E+00   -2.601402E-05
     165    0.000000E+00    0.000000E+00   -2.651460E-05
     166    0.000000E+00    0.000000E+00   -2.693579E-05
     167    0.000000E+00    0.000000E+00   -2.724660E-05
     168    0.000000E+00    0.000000E+00   -2.739763E-05
     169    0.000000E+00    0.000000E+00   -2.642436E-05
     170    0.000000E+00    0.000000E+00   -2.699929E-05
     171    0.000000E+00    0.000000E+00   -2.782005E-05
     172    0.000000E+00    0.000000E+00   -2.870556E-05
     173    0.000000E+00    0.000000E+00   -2.957620E-05
     174    0.000000E+00    0.000000E+00   -3.039831E-05
     175    0.000000E+00    0.000000E+00   -3.115804E-05
     176    0.000000E+00    0.000000E+00   -3.184737E-05
     177    0.000000E+00    0.000000E+00   -3.245588E-05
     178    0.000000E+00    0.000000E+00   -3.296316E-05
     179    0.000000E+00    0.000000E+00   -3.333348E-05
     180    0.000000E+00    0.000000E+00   -3.351710E-05
     181    0.000000E+00    0.000000E+00   -2.951528E-05
     182    0.000000E+00    0.000000E+00   -3.046898E-05
     183    0.000000E+00    0.000000E+00   -3.159475E-05
     184    0.000000E+00    0.000000E+00   -3.270936E-05
     185    0.000000E+00    0.000000E+00   -3.375942E-05
     186    0.000000E+00    0.000000E+00   -3.472886E-05
     187    0.000000E+00    0.000000E+00   -3.561188E-05
     188    0.000000E+00    0.000000E+00   -3.640381E-05
     189    0.000000E+00    0.000000E+00   -3.709690E-05
     190    0.000000E+00    0.000000E+00   -3.767308E-05
     191    0.000000E+00    0.000000E+00   -3.809652E-05
     192    0.000000E+00    0.000000E+00   -3.831842E-05
     193    0.000000E+00    0.000000E+00   -1.378284E-05
     194    0.000000E+00    0.000000E+00   -1.418321E-05
     195    0.000000E+00    0.000000E+00   -1.474333E-05
     196    0.000000E+00    0.000000E+00   -1.531802E-05
     197    0.000000E+00    0.000000E+00   -1.585733E-05
     198    0.000000E+00    0.000000E+00   -1.635006E-05
     199    0.000000E+00    0.000000E+00   -1.679778E-05
     200    0.000000E+00    0.000000E+00   -1.720330E-05
     201    0.000000E+00    0.000000E+00   -1.756762E-05
     202    0.000000E+00    0.000000E+00   -1.789019E-05
     203    0.000000E+00    0.000000E+00   -1.816972E-05
     204    0.000000E+00    0.000000E+00   -1.840446E-05
     205    0.000000E+00    0.000000E+00   -1.859175E-05
     206    0.000000E+00    0.000000E+00   -1.872678E-05
     207    0.000000E+00    0.000000E+00   -1.880057E-05
     208    0.000000E+00    0.000000E+00   -1.880196E-05
     209    0.000000E+00    0.000000E+00   -1.872307E-05
     210    0.000000E+00    0.000000E+00   -1.854626E-05
     211    0.000000E+00    0.000000E+00   -1.986301E-05
     212    0.000000E+00    0.000000E+00   -2.059091E-05
     213    0.000000E+00    0.000000E+00   -2.151696E-05
     214    0.000000E+00    0.000000E+00   -2.241256E-05
     215    0.000000E+00    0.000000E+00   -2.323534E-05
     216    0.000000E+00    0.000000E+00   -2.397750E-05
     217    0.000000E+00    0.000000E+00   -2.464625E-05
     218    0.000000E+00    0.000000E+00   -2.524808E-05
     219    0.000000E+00    0.000000E+00   -2.578543E-05
     220    0.000000E+00    0.000000E+00   -2.625797E-05
     221    0.000000E+00    0.000000E+00   -2.666414E-05
     222    0.000000E+00    0.000000E+00   -2.700171E-05
     223    0.000000E+00    0.000000E+00   -2.726729E-05
     224    0.000000E+00    0.000000E+00   -2.745485E-05
     225    0.000000E+00    0.000000E+00   -2.755339E-05
     226    0.000000E+00    0.000000E+00   -2.754849E-05
     227    0.000000E+00    0.000000E+00   -2.742796E-05
     228    0.000000E+00    0.000000E+00   -2.716410E-05
     229    0.000000E+00    0.000000E+00   -2.355207E-05
     230    0.000000E+00    0.000000E+00   -2.483996E-05
     231    0.000000E+00    0.000000E+00   -2.615066E-05
     232    0.000000E+00    0.000000E+00   -2.731308E-05
     233    0.000000E+00    0.000000E+00   -2.835879E-05
     234    0.000000E+00    0.000000E+00   -2.928993E-05
     235    0.000000E+00    0.000000E+00   -3.012416E-05
     236    0.000000E+00    0.000000E+00   -3.087208E-05
     237    0.000000E+00    0.000000E+00   -3.153673E-05
     238    0.000000E+00    0.000000E+00   -3.211743E-05
     239    0.000000E+00    0.000000E+00   -3.261240E-05
     240    0.000000E+00    0.000000E+00   -3.301939E-05
     241    0.000000E+00    0.000000E+00   -3.333516E-05
     242    0.000000E+00    0.000000E+00   -3.355413E-05
     243    0.000000E+00    0.000000E+00   -3.366632E-05
     244    0.000000E+00    0.000000E+00   -3.365670E-05
     245    0.000000E+00    0.000000E+00   -3.350840E-05
     246    0.000000E+00    0.000000E+00   -3.319769E-05
     247    0.000000E+00    0.000000E+00   -3.794544E-05
     248    0.000000E+00    0.000000E+00   -4.188160E-05
     249    0.000000E+00    0.000000E+00   -4.520855E-05
     250    0.000000E+00    0.000000E+00   -4.804968E-05
     251    0.000000E+00    0.000000E+00   -5.048502E-05
     252    0.000000E+00    0.000000E+00   -5.256850E-05
     253    0.000000E+00    0.000000E+00   -5.433815E-05
     254    0.000000E+00    0.000000E+00   -5.582182E-05
     255    0.000000E+00    0.000000E+00   -5.704029E-05
     256    0.000000E+00    0.000000E+00   -5.800899E-05
     257    0.000000E+00    0.000000E+00   -5.873864E-05
     258    0.000000E+00    0.000000E+00   -5.923271E-05
     259    0.000000E+00    0.000000E+00   -5.949103E-05
     260    0.000000E+00    0.000000E+00   -3.829712E-05
     261    0.000000E+00    0.000000E+00   -4.227202E-05
     262    0.000000E+00    0.000000E+00   -4.563636E-05
     263    0.000000E+00    0.000000E+00   -4.851261E-05
     264    0.000000E+00    0.000000E+00   -5.097834E-05
     265    0.000000E+00    0.000000E+00   -5.308622E-05
     266    0.000000E+00    0.000000E+00   -5.487396E-05
     267    0.000000E+00    0.000000E+00   -5.636942E-05
     268    0.000000E+00    0.000000E+00   -5.759358E-05
     269    0.000000E+00    0.000000E+00   -5.856224E-05
     270    0.000000E+00    0.000000E+00   -5.928679E-05
     271    0.000000E+00    0.000000E+00   -5.977176E-05
     272    0.000000E+00    0.000000E+00   -6.002018E-05
     273    0.000000E+00    0.000000E+00   -3.847383E-05
     274    0.000000E+00    0.000000E+00   -4.247912E-05
     275    0.000000E+00    0.000000E+00   -4.587360E-05
     276    0.000000E+00    0.000000E+00   -4.877808E-05
     277    0.000000E+00    0.000000E+00   -5.126856E-05
     278    0.000000E+00    0.000000E+00   -5.339677E-05
     279    0.000000E+00    0.000000E+00   -5.519998E-05
     280    0.000000E+00    0.000000E+00   -5.670589E-05
     281    0.000000E+00    0.000000E+00   -5.793545E-05
     282    0.000000E+00    0.000000E+00   -5.890452E-05
     283    0.000000E+00    0.000000E+00   -5.962481E-05
     284    0.000000E+00    0.000000E+00   -6.010293E-05
     285    0.000000E+00    0.000000E+00   -6.034375E-05
     286    0.000000E+00    0.000000E+00   -3.849666E-05
     287    0.000000E+00    0.000000E+00   -4.252192E-05
     288    0.000000E+00    0.000000E+00   -4.593735E-05
     289    0.000000E+00    0.000000E+00   -4.886188E-05
     290    0.000000E+00    0.000000E+00   -5.137022E-05
     291    0.000000E+00    0.000000E+00   -5.351335E-05
     292    0.000000E+00    0.000000E+00   -5.532809E-05
     293    0.000000E+00    0.000000E+00   -5.684189E-05
     294    0.000000E+00    0.000000E+00   -5.807555E-05
     295    0.000000E+00    0.000000E+00   -5.904482E-05
     296    0.000000E+00    0.000000E+00   -5.976150E-05
     297    0.000000E+00    0.000000E+00   -6.023400E-05
     298    0.000000E+00    0.000000E+00   -6.046855E-05
     299    0.000000E+00    0.000000E+00   -3.838373E-05
     300    0.000000E+00    0.000000E+00   -4.241616E-05
     301    0.000000E+00    0.000000E+00   -4.584102E-05
     302    0.000000E+00    0.000000E+00   -4.877545E-05
     303    0.000000E+00    0.000000E+00   -5.129305E-05
     304    0.000000E+00    0.000000E+00   -5.344413E-05
     305    0.000000E+00    0.000000E+00   -5.526507E-05
     306    0.000000E+00    0.000000E+00   -5.678302E-05
     307    0.000000E+00    0.000000E+00   -5.801852E-05
     308    0.000000E+00    0.000000E+00   -5.898707E-05
     309    0.000000E+00    0.000000E+00   -5.970038E-05
     310    0.000000E+00    0.000000E+00   -6.016861E-05
     311    0.000000E+00    0.000000E+00   -6.039887E-05
     312    0.000000E+00    0.000000E+00   -3.814828E-05
     313    0.000000E+00    0.000000E+00   -4.217268E-05
     314    0.000000E+00    0.000000E+00   -4.559337E-05
     315    0.000000E+00    0.000000E+00   -4.852575E-05
     316    0.000000E+00    0.000000E+00   -5.104247E-05
     317    0.000000E+00    0.000000E+00   -5.319319E-05
     318    0.000000E+00    0.000000E+00   -5.501387E-05
     319    0.000000E+00    0.000000E+00   -5.653127E-05
     320    0.000000E+00    0.000000E+00   -5.776558E-05
     321    0.000000E+00    0.000000E+00   -5.873188E-05
     322    0.000000E+00    0.000000E+00   -5.944189E-05
     323    0.000000E+00    0.000000E+00   -5.990687E-05
     324    0.000000E+00    0.000000E+00   -6.013403E-05
     325    0.000000E+00    0.000000E+00   -3.779848E-05
     326    0.000000E+00    0.000000E+00   -4.179798E-05
     327    0.000000E+00    0.000000E+00   -4.519925E-05
     328    0.000000E+00    0.000000E+00   -4.811619E-05
     329    0.000000E+00    0.000000E+00   -5.062059E-05
     330    0.000000E+00    0.000000E+00   -5.276156E-05
     331    0.000000E+00    0.000000E+00   -5.457457E-05
     332    0.000000E+00    0.000000E+00   -5.608596E-05
     333    0.000000E+00    0.000000E+00   -5.731542E-05
     334    0.000000E+00    0.000000E+00   -5.827749E-05
     335    0.000000E+00    0.000000E+00   -5.898366E-05
     336    0.000000E+00    0.000000E+00   -5.944565E-05
     337    0.000000E+00    0.000000E+00   -5.966998E-05
     338    0.000000E+00    0.000000E+00   -3.733895E-05
     339    0.000000E+00    0.000000E+00   -4.129544E-05
     340    0.000000E+00    0.000000E+00   -4.466078E-05
     341    0.000000E+00    0.000000E+00   -4.754763E-05
     342    0.000000E+00    0.000000E+00   -5.002715E-05
     343    0.000000E+00    0.000000E+00   -5.214798E-05
     344    0.000000E+00    0.000000E+00   -5.394510E-05
     345    0.000000E+00    0.000000E+00   -5.544431E-05
     346    0.000000E+00    0.000000E+00   -5.666469E-05
     347    0.000000E+00    0.000000E+00   -5.762004E-05
     348    0.000000E+00    0.000000E+00   -5.832132E-05
     349    0.000000E+00    0.000000E+00   -5.878003E-05
     350    0.000000E+00    0.000000E+00   -5.900138E-05
     351    0.000000E+00    0.000000E+00   -3.677225E-05
     352    0.000000E+00    0.000000E+00   -4.066665E-05
     353    0.000000E+00    0.000000E+00   -4.397831E-05
     354    0.000000E+00    0.000000E+00   -4.681921E-05
     355    0.000000E+00    0.000000E+00   -4.926018E-05
     356    0.000000E+00    0.000000E+00   -5.134949E-05
     357    0.000000E+00    0.000000E+00   -5.312160E-05
     358    0.000000E+00    0.000000E+00   -5.460171E-05
     359    0.000000E+00    0.000000E+00   -5.580814E-05
     360    0.000000E+00    0.000000E+00   -5.675378E-05
     361    0.000000E+00    0.000000E+00   -5.744862E-05
     362    0.000000E+00    0.000000E+00   -5.790334E-05
     363    0.000000E+00    0.000000E+00   -5.812141E-05
     364    0.000000E+00    0.000000E+00   -3.610009E-05
     365    0.000000E+00    0.000000E+00   -3.991222E-05
     366    0.000000E+00    0.000000E+00   -4.315117E-05
     367    0.000000E+00    0.000000E+00   -4.592893E-05
     368    0.000000E+00    0.000000E+00   -4.831638E-05
     369    0.000000E+00    0.000000E+00   -5.036159E-05
     370    0.000000E+00    0.000000E+00   -5.209853E-05
     371    0.000000E+00    0.000000E+00   -5.355169E-05
     372    0.000000E+00    0.000000E+00   -5.473852E-05
     373    0.000000E+00    0.000000E+00   -5.567077E-05
     374    0.000000E+00    0.000000E+00   -5.635711E-05
     375    0.000000E+00    0.000000E+00   -5.680675E-05
     376    0.000000E+00    0.000000E+00   -5.702099E-05
     377    0.000000E+00    0.000000E+00   -3.532367E-05
     378    0.000000E+00    0.000000E+00   -3.903211E-05
     379    0.000000E+00    0.000000E+00   -4.217783E-05
     380    0.000000E+00    0.000000E+00   -4.487369E-05
     381    0.000000E+00    0.000000E+00   -4.719114E-05
     382    0.000000E+00    0.000000E+00   -4.917824E-05
     383    0.000000E+00    0.000000E+00   -5.086852E-05
     384    0.000000E+00    0.000000E+00   -5.228571E-05
     385    0.000000E+00    0.000000E+00   -5.344626E-05
     386    0.000000E+00    0.000000E+00   -5.436060E-05
     387    0.000000E+00    0.000000E+00   -5.503567E-05
     388    0.000000E+00    0.000000E+00   -5.547863E-05
     389    0.000000E+00    0.000000E+00   -5.568816E-05
     390    0.000000E+00    0.000000E+00   -3.444291E-05
     391    0.000000E+00    0.000000E+00   -3.802472E-05
     392    0.000000E+00    0.000000E+00   -4.105497E-05
     393    0.000000E+00    0.000000E+00   -4.364843E-05
     394    0.000000E+00    0.000000E+00   -4.587766E-05
     395    0.000000E+00    0.000000E+00   -4.779096E-05
     396    0.000000E+00    0.000000E+00   -4.942153E-05
     397    0.000000E+00    0.000000E+00   -5.079233E-05
     398    0.000000E+00    0.000000E+00   -5.191872E-05
     399    0.000000E+00    0.000000E+00   -5.280957E-05
     400    0.000000E+00    0.000000E+00   -5.346972E-05
     401    0.000000E+00    0.000000E+00   -5.390374E-05
     402    0.000000E+00    0.000000E+00   -5.410722E-05
     403    0.000000E+00    0.000000E+00   -3.345311E-05
     404    0.000000E+00    0.000000E+00   -3.688331E-05
     405    0.000000E+00    0.000000E+00   -3.977415E-05
     406    0.000000E+00    0.000000E+00   -4.224314E-05
     407    0.000000E+00    0.000000E+00   -4.436433E-05
     408    0.000000E+00    0.000000E+00   -4.618660E-05
     409    0.000000E+00    0.000000E+00   -4.774298E-05
     410    0.000000E+00    0.000000E+00   -4.905568E-05
     411    0.000000E+00    0.000000E+00   -5.013882E-05
     412    0.000000E+00    0.000000E+00   -5.099955E-05
     413    0.000000E+00    0.000000E+00   -5.164018E-05
     414    0.000000E+00    0.000000E+00   -5.206222E-05
     415    0.000000E+00    0.000000E+00   -5.225766E-05
     416    0.000000E+00    0.000000E+00   -3.233928E-05
     417    0.000000E+00    0.000000E+00   -3.558998E-05
     418    0.000000E+00    0.000000E+00   -3.831592E-05
     419    0.000000E+00    0.000000E+00   -4.063736E-05
     420    0.000000E+00    0.000000E+00   -4.262994E-05
     421    0.000000E+00    0.000000E+00   -4.434339E-05
     422    0.000000E+00    0.000000E+00   -4.581056E-05
     423    0.000000E+00    0.000000E+00   -4.705282E-05
     424    0.000000E+00    0.000000E+00   -4.808299E-05
     425    0.000000E+00    0.000000E+00   -4.890615E-05
     426    0.000000E+00    0.000000E+00   -4.952170E-05
     427    0.000000E+00    0.000000E+00   -4.992779E-05
     428    0.000000E+00    0.000000E+00   -5.011239E-05
     429    0.000000E+00    0.000000E+00   -3.107354E-05
     430    0.000000E+00    0.000000E+00   -3.411116E-05
     431    0.000000E+00    0.000000E+00   -3.664428E-05
     432    0.000000E+00    0.000000E+00   -3.879433E-05
     433    0.000000E+00    0.000000E+00   -4.063836E-05
     434    0.000000E+00    0.000000E+00   -4.222638E-05
     435    0.000000E+00    0.000000E+00   -4.359029E-05
     436    0.000000E+00    0.000000E+00   -4.475035E-05
     437    0.000000E+00    0.000000E+00   -4.571791E-05
     438    0.000000E+00    0.000000E+00   -4.649560E-05
     439    0.000000E+00    0.000000E+00   -4.707956E-05
     440    0.000000E+00    0.000000E+00   -4.746466E-05
     441    0.000000E+00    0.000000E+00   -4.763472E-05
     442    0.000000E+00    0.000000E+00   -2.962187E-05
     443    0.000000E+00    0.000000E+00   -3.239712E-05
     444    0.000000E+00    0.000000E+00   -3.470277E-05
     445    0.000000E+00    0.000000E+00   -3.665625E-05
     446    0.000000E+00    0.000000E+00   -3.833420E-05
     447    0.000000E+00    0.000000E+00   -3.978314E-05
     448    0.000000E+00    0.000000E+00   -4.103143E-05
     449    0.000000E+00    0.000000E+00   -4.209861E-05
     450    0.000000E+00    0.000000E+00   -4.299467E-05
     451    0.000000E+00    0.000000E+00   -4.371873E-05
     452    0.000000E+00    0.000000E+00   -4.426345E-05
     453    0.000000E+00    0.000000E+00   -4.462162E-05
     454    0.000000E+00    0.000000E+00   -4.477277E-05
     455    0.000000E+00    0.000000E+00   -2.795346E-05
     456    0.000000E+00    0.000000E+00   -3.038076E-05
     457    0.000000E+00    0.000000E+00   -3.240684E-05
     458    0.000000E+00    0.000000E+00   -3.413874E-05
     459    0.000000E+00    0.000000E+00   -3.563686E-05
     460    0.000000E+00    0.000000E+00   -3.693485E-05
     461    0.000000E+00    0.000000E+00   -3.805229E-05
     462    0.000000E+00    0.000000E+00   -3.901396E-05
     463    0.000000E+00    0.000000E+00   -3.983288E-05
     464    0.000000E+00    0.000000E+00   -4.049747E-05
     465    0.000000E+00    0.000000E+00   -4.099526E-05
     466    0.000000E+00    0.000000E+00   -4.132063E-05
     467    0.000000E+00    0.000000E+00   -4.144866E-05
     468    0.000000E+00    0.000000E+00   -2.600865E-05
     469    0.000000E+00    0.000000E+00   -2.793392E-05
     470    0.000000E+00    0.000000E+00   -2.963708E-05
     471    0.000000E+00    0.000000E+00   -3.111718E-05
     472    0.000000E+00    0.000000E+00   -3.241467E-05
     473    0.000000E+00    0.000000E+00   -3.354228E-05
     474    0.000000E+00    0.000000E+00   -3.450070E-05
     475    0.000000E+00    0.000000E+00   -3.533426E-05
     476    0.000000E+00    0.000000E+00   -3.607652E-05
     477    0.000000E+00    0.000000E+00   -3.668367E-05
     478    0.000000E+00    0.000000E+00   -3.712754E-05
     479    0.000000E+00    0.000000E+00   -3.741513E-05
     480    0.000000E+00    0.000000E+00   -3.752621E-05
     481    0.000000E+00    0.000000E+00   -3.279046E-05
     482    0.000000E+00    0.000000E+00   -2.681350E-05
     483    0.000000E+00    0.000000E+00   -1.830889E-05
     484    0.000000E+00    0.000000E+00   -3.269061E-05
     485    0.000000E+00    0.000000E+00   -2.673640E-05
     486    0.000000E+00    0.000000E+00   -1.825992E-05
     487    0.000000E+00    0.000000E+00   -3.244528E-05
     488    0.000000E+00    0.000000E+00   -2.654089E-05
     489    0.000000E+00    0.000000E+00   -1.812798E-05
     490    0.000000E+00    0.000000E+00   -3.206245E-05
     491    0.000000E+00    0.000000E+00   -2.623296E-05
     492    0.000000E+00    0.000000E+00   -1.791856E-05
     493    0.000000E+00    0.000000E+00   -3.152330E-05
     494    0.000000E+00    0.000000E+00   -2.581259E-05
     495    0.000000E+00    0.000000E+00   -1.763613E-05
     496    0.000000E+00    0.000000E+00   -3.088180E-05
     497    0.000000E+00    0.000000E+00   -2.530535E-05
     498    0.000000E+00    0.000000E+00   -1.729370E-05
     499    0.000000E+00    0.000000E+00   -3.019378E-05
     500    0.000000E+00    0.000000E+00   -2.474079E-05
     501    0.000000E+00    0.000000E+00   -1.690626E-05
     502    0.000000E+00    0.000000E+00   -2.940036E-05
     503    0.000000E+00    0.000000E+00   -2.410018E-05
     504    0.000000E+00    0.000000E+00   -1.646892E-05
     505    0.000000E+00    0.000000E+00   -2.845596E-05
     506    0.000000E+00    0.000000E+00   -2.335707E-05
     507    0.000000E+00    0.000000E+00   -1.596880E-05
     508    0.000000E+00    0.000000E+00   -2.739376E-05
     509    0.000000E+00    0.000000E+00   -2.252003E-05
     510    0.000000E+00    0.000000E+00   -1.540816E-05
     511    0.000000E+00    0.000000E+00   -2.618805E-05
     512    0.000000E+00    0.000000E+00   -2.158974E-05
     513    0.000000E+00    0.000000E+00   -1.479572E-05
     514    0.000000E+00    0.000000E+00   -2.484028E-05
     515    0.000000E+00    0.000000E+00   -2.061573E-05
     516    0.000000E+00    0.000000E+00   -1.418611E-05
     517    0.000000E+00    0.000000E+00   -2.353599E-05
     518    0.000000E+00    0.000000E+00   -1.986031E-05
     519    0.000000E+00    0.000000E+00   -1.377089E-05
     520    0.000000E+00    0.000000E+00   -1.505540E-05
     521    0.000000E+00    0.000000E+00   -1.531484E-05
     522    0.000000E+00    0.000000E+00   -1.572181E-05
     523    0.000000E+00    0.000000E+00   -1.619174E-05
     524    0.000000E+00    0.000000E+00   -1.667556E-05
     525    0.000000E+00    0.000000E+00   -1.714565E-05
     526    0.000000E+00    0.000000E+00   -1.758083E-05
     527    0.000000E+00    0.000000E+00   -1.796551E-05
     528    0.000000E+00    0.000000E+00   -1.827538E-05
     529    0.000000E+00    0.000000E+00   -2.191041E-05
     530    0.000000E+00    0.000000E+00   -2.234508E-05
     531    0.000000E+00    0.000000E+00   -2.299202E-05
     532    0.000000E+00    0.000000E+00   -2.371422E-05
     533    0.000000E+00    0.000000E+00   -2.444120E-05
     534    0.000000E+00    0.000000E+00   -2.513709E-05
     535    0.000000E+00    0.000000E+00   -2.577649E-05
     536    0.000000E+00    0.000000E+00   -2.634087E-05
     537    0.000000E+00    0.000000E+00   -2.679203E-05
     538    0.000000E+00    0.000000E+00   -2.641941E-05
     539    0.000000E+00    0.000000E+00   -2.707345E-05
     540    0.000000E+00    0.000000E+00   -2.797231E-05
     541    0.000000E+00    0.000000E+00   -2.892478E-05
     542    0.000000E+00    0.000000E+00   -2.985229E-05
     543    0.000000E+00    0.000000E+00   -3.072254E-05
     544    0.000000E+00    0.000000E+00   -3.151517E-05
     545    0.000000E+00    0.000000E+00   -3.221251E-05
     546    0.000000E+00    0.000000E+00   -3.277135E-05
     547    0.000000E+00    0.000000E+00   -2.950409E-05
     548    0.000000E+00    0.000000E+00   -3.053209E-05
     549    0.000000E+00    0.000000E+00   -3.173860E-05
     550    0.000000E+00    0.000000E+00   -3.292329E-05
     551    0.000000E+00    0.000000E+00   -3.403144E-05
     552    0.000000E+00    0.000000E+00   -3.505156E-05
     553    0.000000E+00    0.000000E+00   -3.597444E-05
     554    0.000000E+00    0.000000E+00   -3.678418E-05
     555    0.000000E+00    0.000000E+00   -3.744848E-05
     556    0.000000E+00    0.000000E+00   -4.130993E-05
     557    0.000000E+00    0.000000E+00   -4.457589E-05
     558    0.000000E+00    0.000000E+00   -4.736790E-05
     559    0.000000E+00    0.000000E+00   -4.976516E-05
     560    0.000000E+00    0.000000E+00   -5.182043E-05
     561    0.000000E+00    0.000000E+00   -5.357070E-05
     562    0.000000E+00    0.000000E+00   -5.504300E-05
     563    0.000000E+00    0.000000E+00   -5.625748E-05
     564    0.000000E+00    0.000000E+00   -5.722909E-05
     565    0.000000E+00    0.000000E+00   -5.796736E-05
     566    0.000000E+00    0.000000E+00   -5.847078E-05
     567    0.000000E+00    0.000000E+00   -5.873624E-05
     568    0.000000E+00    0.000000E+00   -4.055520E-05
     569    0.000000E+00    0.000000E+00   -4.375031E-05
     570    0.000000E+00    0.000000E+00   -4.648283E-05
     571    0.000000E+00    0.000000E+00   -4.883184E-05
     572    0.000000E+00    0.000000E+00   -5.085014E-05
     573    0.000000E+00    0.000000E+00   -5.257424E-05
     574    0.000000E+00    0.000000E+00   -5.403026E-05
     575    0.000000E+00    0.000000E+00   -5.523734E-05
     576    0.000000E+00    0.000000E+00   -5.620940E-05
     577    0.000000E+00    0.000000E+00   -5.695387E-05
     578    0.000000E+00    0.000000E+00   -5.746442E-05
     579    0.000000E+00    0.000000E+00   -5.773363E-05
     580    0.000000E+00    0.000000E+00   -3.964594E-05
     581    0.000000E+00    0.000000E+00   -4.275215E-05
     582    0.000000E+00    0.000000E+00   -4.540801E-05
     583    0.000000E+00    0.000000E+00   -4.769358E-05
     584    0.000000E+00    0.000000E+00   -4.966196E-05
     585    0.000000E+00    0.000000E+00   -5.134918E-05
     586    0.000000E+00    0.000000E+00   -5.278039E-05
     587    0.000000E+00    0.000000E+00   -5.397358E-05
     588    0.000000E+00    0.000000E+00   -5.494139E-05
     589    0.000000E+00    0.000000E+00   -5.568979E-05
     590    0.000000E+00    0.000000E+00   -5.620847E-05
     591    0.000000E+00    0.000000E+00   -5.648831E-05
     592    0.000000E+00    0.000000E+00   -3.860337E-05
     593    0.000000E+00    0.000000E+00   -4.159845E-05
     594    0.000000E+00    0.000000E+00   -4.415593E-05
     595    0.000000E+00    0.000000E+00   -4.635807E-05
     596    0.000000E+00    0.000000E+00   -4.825894E-05
     597    0.000000E+00    0.000000E+00   -4.989438E-05
     598    0.000000E+00    0.000000E+00   -5.128860E-05
     599    0.000000E+00    0.000000E+00   -5.245834E-05
     600    0.000000E+00    0.000000E+00   -5.341475E-05
     601    0.000000E+00    0.000000E+00   -5.416207E-05
     602    0.000000E+00    0.000000E+00   -5.468659E-05
     603    0.000000E+00    0.000000E+00   -5.497444E-05
     604    0.000000E+00    0.000000E+00   -3.743855E-05
     605    0.000000E+00    0.000000E+00   -4.029505E-05
     606    0.000000E+00    0.000000E+00   -4.272771E-05
     607    0.000000E+00    0.000000E+00   -4.482228E-05
     608    0.000000E+00    0.000000E+00   -4.663446E-05
     609    0.000000E+00    0.000000E+00   -4.820015E-05
     610    0.000000E+00    0.000000E+00   -4.954263E-05
     611    0.000000E+00    0.000000E+00   -5.067718E-05
     612    0.000000E+00    0.000000E+00   -5.161322E-05
     613    0.000000E+00    0.000000E+00   -5.235302E-05
     614    0.000000E+00    0.000000E+00   -5.287812E-05
     615    0.000000E+00    0.000000E+00   -5.316971E-05
     616    0.000000E+00    0.000000E+00   -3.614944E-05
     617    0.000000E+00    0.000000E+00   -3.883143E-05
     618    0.000000E+00    0.000000E+00   -4.110738E-05
     619    0.000000E+00    0.000000E+00   -4.306713E-05
     620    0.000000E+00    0.000000E+00   -4.476783E-05
     621    0.000000E+00    0.000000E+00   -4.624487E-05
     622    0.000000E+00    0.000000E+00   -4.752010E-05
     623    0.000000E+00    0.000000E+00   -4.860702E-05
     624    0.000000E+00    0.000000E+00   -4.951290E-05
     625    0.000000E+00    0.000000E+00   -5.023677E-05
     626    0.000000E+00    0.000000E+00   -5.075695E-05
     627    0.000000E+00    0.000000E+00   -5.105287E-05
     628    0.000000E+00    0.000000E+00   -3.472367E-05
     629    0.000000E+00    0.000000E+00   -3.717842E-05
     630    0.000000E+00    0.000000E+00   -3.925702E-05
     631    0.000000E+00    0.000000E+00   -4.105280E-05
     632    0.000000E+00    0.000000E+00   -4.262045E-05
     633    0.000000E+00    0.000000E+00   -4.399184E-05
     634    0.000000E+00    0.000000E+00   -4.518588E-05
     635    0.000000E+00    0.000000E+00   -4.621354E-05
     636    0.000000E+00    0.000000E+00   -4.707943E-05
     637    0.000000E+00    0.000000E+00   -4.777866E-05
     638    0.000000E+00    0.000000E+00   -4.828583E-05
     639    0.000000E+00    0.000000E+00   -4.857328E-05
     640    0.000000E+00    0.000000E+00   -3.316140E-05
     641    0.000000E+00    0.000000E+00   -3.529211E-05
     642    0.000000E+00    0.000000E+00   -3.711659E-05
     643    0.000000E+00    0.000000E+00   -3.871867E-05
     644    0.000000E+00    0.000000E+00   -4.013494E-05
     645    0.000000E+00    0.000000E+00   -4.138694E-05
     646    0.000000E+00    0.000000E+00   -4.248821E-05
     647    0.000000E+00    0.000000E+00   -4.344606E-05
     648    0.000000E+00    0.000000E+00   -4.426169E-05
     649    0.000000E+00    0.000000E+00   -4.492614E-05
     650    0.000000E+00    0.000000E+00   -4.540780E-05
     651    0.000000E+00    0.000000E+00   -4.567482E-05
     652    0.000000E+00    0.000000E+00   -3.149670E-05
     653    0.000000E+00    0.000000E+00   -3.310282E-05
     654    0.000000E+00    0.000000E+00   -3.460428E-05
     655    0.000000E+00    0.000000E+00   -3.598123E-05
     656    0.000000E+00    0.000000E+00   -3.722565E-05
     657    0.000000E+00    0.000000E+00   -3.834216E-05
     658    0.000000E+00    0.000000E+00   -3.933685E-05
     659    0.000000E+00    0.000000E+00   -4.021228E-05
     660    0.000000E+00    0.000000E+00   -4.096547E-05
     661    0.000000E+00    0.000000E+00   -4.158353E-05
     662    0.000000E+00    0.000000E+00   -4.203768E-05
     663    0.000000E+00    0.000000E+00   -4.229490E-05
     664    0.000000E+00    0.000000E+00   -3.830073E-05
     665    0.000000E+00    0.000000E+00   -3.349142E-05
     666    0.000000E+00    0.000000E+00   -2.737926E-05
     667    0.000000E+00    0.000000E+00   -1.868467E-05
     668    0.000000E+00    0.000000E+00   -3.805919E-05
     669    0.000000E+00    0.000000E+00   -3.327998E-05
     670    0.000000E+00    0.000000E+00   -2.721518E-05
     671    0.000000E+00    0.000000E+00   -1.858133E-05
     672    0.000000E+00    0.000000E+00   -3.763927E-05
     673    0.000000E+00    0.000000E+00   -3.291460E-05
     674    0.000000E+00    0.000000E+00   -2.692036E-05
     675    0.000000E+00    0.000000E+00   -1.838239E-05
     676    0.000000E+00    0.000000E+00   -3.707699E-05
     677    0.000000E+00    0.000000E+00   -3.242473E-05
     678    0.000000E+00    0.000000E+00   -2.652124E-05
     679    0.000000E+00    0.000000E+00   -1.810917E-05
     680    0.000000E+00    0.000000E+00   -3.639810E-05
     681    0.000000E+00    0.000000E+00   -3.183375E-05
     682    0.000000E+00    0.000000E+00   -2.603878E-05
     683    0.000000E+00    0.000000E+00   -1.777793E-05
     684    0.000000E+00    0.000000E+00   -3.561691E-05
     685    0.000000E+00    0.000000E+00   -3.115720E-05
     686    0.000000E+00    0.000000E+00   -2.548799E-05
     687    0.000000E+00    0.000000E+00   -1.740038E-05
     688    0.000000E+00    0.000000E+00   -3.474058E-05
     689    0.000000E+00    0.000000E+00   -3.040503E-05
     690    0.000000E+00    0.000000E+00   -2.487966E-05
     691    0.000000E+00    0.000000E+00   -1.698543E-05
     692    0.000000E+00    0.000000E+00   -3.377183E-05
     693    0.000000E+00    0.000000E+00   -2.958466E-05
     694    0.000000E+00    0.000000E+00   -2.422396E-05
     695    0.000000E+00    0.000000E+00   -1.654218E-05
     696    0.000000E+00    0.000000E+00   -3.271350E-05
     697    0.000000E+00    0.000000E+00   -2.870809E-05
     698    0.000000E+00    0.000000E+00   -2.353740E-05
     699    0.000000E+00    0.000000E+00   -1.608482E-05
     700    0.000000E+00    0.000000E+00   -3.158118E-05
     701    0.000000E+00    0.000000E+00   -2.780713E-05
     702    0.000000E+00    0.000000E+00   -2.285574E-05
     703    0.000000E+00    0.000000E+00   -1.564115E-05
     704    0.000000E+00    0.000000E+00   -3.043777E-05
     705    0.000000E+00    0.000000E+00   -2.696790E-05
     706    0.000000E+00    0.000000E+00   -2.225803E-05
     707    0.000000E+00    0.000000E+00   -1.526614E-05
     708    0.000000E+00    0.000000E+00   -2.948156E-05
     709    0.000000E+00    0.000000E+00   -2.638580E-05
     710    0.000000E+00    0.000000E+00   -2.188229E-05
     711    0.000000E+00    0.000000E+00   -1.504124E-05
     712    0.000000E+00    0.000000E+00   -3.749343E-05
     713    0.000000E+00    0.000000E+00   -4.140893E-05
     714    0.000000E+00    0.000000E+00   -4.473947E-05
     715    0.000000E+00    0.000000E+00   -4.760801E-05
     716    0.000000E+00    0.000000E+00   -5.009135E-05
     717    0.000000E+00    0.000000E+00   -5.224124E-05
     718    0.000000E+00    0.000000E+00   -5.409458E-05
     719    0.000000E+00    0.000000E+00   -5.567867E-05
     720    0.000000E+00    0.000000E+00   -5.701414E-05
     721    0.000000E+00    0.000000E+00   -5.811679E-05
     722    0.000000E+00    0.000000E+00   -5.899861E-05
     723    0.000000E+00    0.000000E+00   -5.966867E-05
     724    0.000000E+00    0.000000E+00   -6.013372E-05
     725    0.000000E+00    0.000000E+00   -6.039934E-05
     726    0.000000E+00    0.000000E+00   -6.046959E-05
     727    0.000000E+00    0.000000E+00   -6.034528E-05
     728    0.000000E+00    0.000000E+00   -6.002191E-05
     729    0.000000E+00    0.000000E+00   -5.949264E-05
     730    0.000000E+00    0.000000E+00   -3.732594E-05
     731    0.000000E+00    0.000000E+00   -4.122137E-05
     732    0.000000E+00    0.000000E+00   -4.453889E-05
     733    0.000000E+00    0.000000E+00   -4.739865E-05
     734    0.000000E+00    0.000000E+00   -4.987608E-05
     735    0.000000E+00    0.000000E+00   -5.202218E-05
     736    0.000000E+00    0.000000E+00   -5.387321E-05
     737    0.000000E+00    0.000000E+00   -5.545592E-05
     738    0.000000E+00    0.000000E+00   -5.679049E-05
     739    0.000000E+00    0.000000E+00   -5.789231E-05
     740    0.000000E+00    0.000000E+00   -5.877314E-05
     741    0.000000E+00    0.000000E+00   -5.944187E-05
     742    0.000000E+00    0.000000E+00   -5.990508E-05
     743    0.000000E+00    0.000000E+00   -6.016812E-05
     744    0.000000E+00    0.000000E+00   -6.023424E-05
     745    0.000000E+00    0.000000E+00   -6.010391E-05
     746    0.000000E+00    0.000000E+00   -5.977294E-05
     747    0.000000E+00    0.000000E+00   -5.923416E-05
     748    0.000000E+00    0.000000E+00   -3.699620E-05
     749    0.000000E+00    0.000000E+00   -4.086095E-05
     750    0.000000E+00    0.000000E+00   -4.415321E-05
     751    0.000000E+00    0.000000E+00   -4.699273E-05
     752    0.000000E+00    0.000000E+00   -4.945437E-05
     753    0.000000E+00    0.000000E+00   -5.158845E-05
     754    0.000000E+00    0.000000E+00   -5.343050E-05
     755    0.000000E+00    0.000000E+00   -5.500652E-05
     756    0.000000E+00    0.000000E+00   -5.633603E-05
     757    0.000000E+00    0.000000E+00   -5.743387E-05
     758    0.000000E+00    0.000000E+00   -5.831138E-05
     759    0.000000E+00    0.000000E+00   -5.897719E-05
     760    0.000000E+00    0.000000E+00   -5.943770E-05
     761    0.000000E+00    0.000000E+00   -5.969768E-05
     762    0.000000E+00    0.000000E+00   -5.975988E-05
     763    0.000000E+00    0.000000E+00   -5.962445E-05
     764    0.000000E+00    0.000000E+00   -5.928700E-05
     765    0.000000E+00    0.000000E+00   -5.874009E-05
     766    0.000000E+00    0.000000E+00   -3.652324E-05
     767    0.000000E+00    0.000000E+00   -4.033894E-05
     768    0.000000E+00    0.000000E+00   -4.358978E-05
     769    0.000000E+00    0.000000E+00   -4.639445E-05
     770    0.000000E+00    0.000000E+00   -4.882744E-05
     771    0.000000E+00    0.000000E+00   -5.093851E-05
     772    0.000000E+00    0.000000E+00   -5.276246E-05
     773    0.000000E+00    0.000000E+00   -5.432447E-05
     774    0.000000E+00    0.000000E+00   -5.564322E-05
     775    0.000000E+00    0.000000E+00   -5.673286E-05
     776    0.000000E+00    0.000000E+00   -5.760422E-05
     777    0.000000E+00    0.000000E+00   -5.826552E-05
     778    0.000000E+00    0.000000E+00   -5.872287E-05
     779    0.000000E+00    0.000000E+00   -5.898057E-05
     780    0.000000E+00    0.000000E+00   -5.904096E-05
     781    0.000000E+00    0.000000E+00   -5.890353E-05
     782    0.000000E+00    0.000000E+00   -5.856285E-05
     783    0.000000E+00    0.000000E+00   -5.801024E-05
     784    0.000000E+00    0.000000E+00   -3.591711E-05
     785    0.000000E+00    0.000000E+00   -3.966495E-05
     786    0.000000E+00    0.000000E+00   -4.285539E-05
     787    0.000000E+00    0.000000E+00   -4.560758E-05
     788    0.000000E+00    0.000000E+00   -4.799622E-05
     789    0.000000E+00    0.000000E+00   -5.007077E-05
     790    0.000000E+00    0.000000E+00   -5.186533E-05
     791    0.000000E+00    0.000000E+00   -5.340411E-05
     792    0.000000E+00    0.000000E+00   -5.470489E-05
     793    0.000000E+00    0.000000E+00   -5.578100E-05
     794    0.000000E+00    0.000000E+00   -5.664260E-05
     795    0.000000E+00    0.000000E+00   -5.729742E-05
     796    0.000000E+00    0.000000E+00   -5.775119E-05
     797    0.000000E+00    0.000000E+00   -5.800777E-05
     798    0.000000E+00    0.000000E+00   -5.806900E-05
     799    0.000000E+00    0.000000E+00   -5.793343E-05
     800    0.000000E+00    0.000000E+00   -5.759409E-05
     801    0.000000E+00    0.000000E+00   -5.704105E-05
     802    0.000000E+00    0.000000E+00   -3.518897E-05
     803    0.000000E+00    0.000000E+00   -3.884626E-05
     804    0.000000E+00    0.000000E+00   -4.195425E-05
     805    0.000000E+00    0.000000E+00   -4.463351E-05
     806    0.000000E+00    0.000000E+00   -4.695955E-05
     807    0.000000E+00    0.000000E+00   -4.898178E-05
     808    0.000000E+00    0.000000E+00   -5.073357E-05
     809    0.000000E+00    0.000000E+00   -5.223817E-05
     810    0.000000E+00    0.000000E+00   -5.351228E-05
     811    0.000000E+00    0.000000E+00   -5.456830E-05
     812    0.000000E+00    0.000000E+00   -5.541561E-05
     813    0.000000E+00    0.000000E+00   -5.606137E-05
     814    0.000000E+00    0.000000E+00   -5.651081E-05
     815    0.000000E+00    0.000000E+00   -5.676732E-05
     816    0.000000E+00    0.000000E+00   -5.683212E-05
     817    0.000000E+00    0.000000E+00   -5.670252E-05
     818    0.000000E+00    0.000000E+00   -5.636958E-05
     819    0.000000E+00    0.000000E+00   -5.582199E-05
     820    0.000000E+00    0.000000E+00   -3.434503E-05
     821    0.000000E+00    0.000000E+00   -3.788647E-05
     822    0.000000E+00    0.000000E+00   -4.088738E-05
     823    0.000000E+00    0.000000E+00   -4.347073E-05
     824    0.000000E+00    0.000000E+00   -4.571348E-05
     825    0.000000E+00    0.000000E+00   -4.766526E-05
     826    0.000000E+00    0.000000E+00   -4.935884E-05
     827    0.000000E+00    0.000000E+00   -5.081643E-05
     828    0.000000E+00    0.000000E+00   -5.205357E-05
     829    0.000000E+00    0.000000E+00   -5.308161E-05
     830    0.000000E+00    0.000000E+00   -5.390906E-05
     831    0.000000E+00    0.000000E+00   -5.454236E-05
     832    0.000000E+00    0.000000E+00   -5.498619E-05
     833    0.000000E+00    0.000000E+00   -5.524337E-05
     834    0.000000E+00    0.000000E+00   -5.531431E-05
     835    0.000000E+00    0.000000E+00   -5.519481E-05
     836    0.000000E+00    0.000000E+00   -5.487357E-05
     837    0.000000E+00    0.000000E+00   -5.433768E-05
     838    0.000000E+00    0.000000E+00   -3.338498E-05
     839    0.000000E+00    0.000000E+00   -3.678360E-05
     840    0.000000E+00    0.000000E+00   -3.965064E-05
     841    0.000000E+00    0.000000E+00   -4.211289E-05
     842    0.000000E+00    0.000000E+00   -4.424938E-05
     843    0.000000E+00    0.000000E+00   -4.611036E-05
     844    0.000000E+00    0.000000E+00   -4.772820E-05
     845    0.000000E+00    0.000000E+00   -4.912408E-05
     846    0.000000E+00    0.000000E+00   -5.031233E-05
     847    0.000000E+00    0.000000E+00   -5.130314E-05
     848    0.000000E+00    0.000000E+00   -5.210404E-05
     849    0.000000E+00    0.000000E+00   -5.272067E-05
     850    0.000000E+00    0.000000E+00   -5.315702E-05
     851    0.000000E+00    0.000000E+00   -5.341519E-05
     852    0.000000E+00    0.000000E+00   -5.349463E-05
     853    0.000000E+00    0.000000E+00   -5.338927E-05
     854    0.000000E+00    0.000000E+00   -5.308517E-05
     855    0.000000E+00    0.000000E+00   -5.256748E-05
     856    0.000000E+00    0.000000E+00   -3.229843E-05
     857    0.000000E+00    0.000000E+00   -3.552444E-05
     858    0.000000E+00    0.000000E+00   -3.822892E-05
     859    0.000000E+00    0.000000E+00   -4.054322E-05
     860    0.000000E+00    0.000000E+00   -4.254889E-05
     861    0.000000E+00    0.000000E+00   -4.429726E-05
     862    0.000000E+00    0.000000E+00   -4.582051E-05
     863    0.000000E+00    0.000000E+00   -4.713881E-05
     864    0.000000E+00    0.000000E+00   -4.826522E-05
     865    0.000000E+00    0.000000E+00   -4.920868E-05
     866    0.000000E+00    0.000000E+00   -4.997562E-05
     867    0.000000E+00    0.000000E+00   -5.057077E-05
     868    0.000000E+00    0.000000E+00   -5.099730E-05
     869    0.000000E+00    0.000000E+00   -5.125645E-05
     870    0.000000E+00    0.000000E+00   -5.134642E-05
     871    0.000000E+00    0.000000E+00   -5.125896E-05
     872    0.000000E+00    0.000000E+00   -5.097723E-05
     873    0.000000E+00    0.000000E+00   -5.048410E-05
     874    0.000000E+00    0.000000E+00   -3.105957E-05
     875    0.000000E+00    0.000000E+00   -3.407736E-05
     876    0.000000E+00    0.000000E+00   -3.658806E-05
     877    0.000000E+00    0.000000E+00   -3.872644E-05
     878    0.000000E+00    0.000000E+00   -4.057677E-05
     879    0.000000E+00    0.000000E+00   -4.219142E-05
     880    0.000000E+00    0.000000E+00   -4.360199E-05
     881    0.000000E+00    0.000000E+00   -4.482746E-05
     882    0.000000E+00    0.000000E+00   -4.587950E-05
     883    0.000000E+00    0.000000E+00   -4.676572E-05
     884    0.000000E+00    0.000000E+00   -4.749139E-05
     885    0.000000E+00    0.000000E+00   -4.806019E-05
     886    0.000000E+00    0.000000E+00   -4.847433E-05
     887    0.000000E+00    0.000000E+00   -4.873399E-05
     888    0.000000E+00    0.000000E+00   -4.883582E-05
     889    0.000000E+00    0.000000E+00   -4.876899E-05
     890    0.000000E+00    0.000000E+00   -4.851386E-05
     891    0.000000E+00    0.000000E+00   -4.805078E-05
     892    0.000000E+00    0.000000E+00   -2.962720E-05
     893    0.000000E+00    0.000000E+00   -3.238950E-05
     894    0.000000E+00    0.000000E+00   -3.466900E-05
     895    0.000000E+00    0.000000E+00   -3.660277E-05
     896    0.000000E+00    0.000000E+00   -3.827633E-05
     897    0.000000E+00    0.000000E+00   -3.973990E-05
     898    0.000000E+00    0.000000E+00   -4.102300E-05
     899    0.000000E+00    0.000000E+00   -4.214298E-05
     900    0.000000E+00    0.000000E+00   -4.311007E-05
     901    0.000000E+00    0.000000E+00   -4.393052E-05
     902    0.000000E+00    0.000000E+00   -4.460832E-05
     903    0.000000E+00    0.000000E+00   -4.514603E-05
     904    0.000000E+00    0.000000E+00   -4.554474E-05
     905    0.000000E+00    0.000000E+00   -4.580332E-05
     906    0.000000E+00    0.000000E+00   -4.591654E-05
     907    0.000000E+00    0.000000E+00   -4.587079E-05
     908    0.000000E+00    0.000000E+00   -4.564449E-05
     909    0.000000E+00    0.000000E+00   -4.521547E-05
     910    0.000000E+00    0.000000E+00   -2.796742E-05
     911    0.000000E+00    0.000000E+00   -3.038606E-05
     912    0.000000E+00    0.000000E+00   -3.238258E-05
     913    0.000000E+00    0.000000E+00   -3.408618E-05
     914    0.000000E+00    0.000000E+00   -3.556717E-05
     915    0.000000E+00    0.000000E+00   -3.686703E-05
     916    0.000000E+00    0.000000E+00   -3.801158E-05
     917    0.000000E+00    0.000000E+00   -3.901631E-05
     918    0.000000E+00    0.000000E+00   -3.988995E-05
     919    0.000000E+00    0.000000E+00   -4.063729E-05
     920    0.000000E+00    0.000000E+00   -4.126100E-05
     921    0.000000E+00    0.000000E+00   -4.176233E-05
     922    0.000000E+00    0.000000E+00   -4.214110E-05
     923    0.000000E+00    0.000000E+00   -4.239463E-05
     924    0.000000E+00    0.000000E+00   -4.251562E-05
     925    0.000000E+00    0.000000E+00   -4.248834E-05
     926    0.000000E+00    0.000000E+00   -4.229121E-05
     927    0.000000E+00    0.000000E+00   -4.189904E-05
     928    0.000000E+00    0.000000E+00   -2.608456E-05
     929    0.000000E+00    0.000000E+00   -2.796321E-05
     930    0.000000E+00    0.000000E+00   -2.961770E-05
     931    0.000000E+00    0.000000E+00   -3.106066E-05
     932    0.000000E+00    0.000000E+00   -3.232544E-05
     933    0.000000E+00    0.000000E+00   -3.344232E-05
     934    0.000000E+00    0.000000E+00   -3.443257E-05
     935    0.000000E+00    0.000000E+00   -3.530912E-05
     936    0.000000E+00    0.000000E+00   -3.607846E-05
     937    0.000000E+00    0.000000E+00   -3.674335E-05
     938    0.000000E+00    0.000000E+00   -3.730470E-05
     939    0.000000E+00    0.000000E+00   -3.776228E-05
     940    0.000000E+00    0.000000E+00   -3.811447E-05
     941    0.000000E+00    0.000000E+00   -3.835716E-05
     942    0.000000E+00    0.000000E+00   -3.848157E-05
     943    0.000000E+00    0.000000E+00   -3.847168E-05
     944    0.000000E+00    0.000000E+00   -3.830669E-05
     945    0.000000E+00    0.000000E+00   -3.796280E-05
     946    0.000000E+00    0.000000E+00   -3.319187E-05
     947    0.000000E+00    0.000000E+00   -2.713555E-05
     948    0.000000E+00    0.000000E+00   -1.851669E-05
     949    0.000000E+00    0.000000E+00   -3.347670E-05
     950    0.000000E+00    0.000000E+00   -2.737729E-05
     951    0.000000E+00    0.000000E+00   -1.869616E-05
     952    0.000000E+00    0.000000E+00   -3.360816E-05
     953    0.000000E+00    0.000000E+00   -2.748645E-05
     954    0.000000E+00    0.000000E+00   -1.877669E-05
     955    0.000000E+00    0.000000E+00   -3.360311E-05
     956    0.000000E+00    0.000000E+00   -2.748021E-05
     957    0.000000E+00    0.000000E+00   -1.877350E-05
     958    0.000000E+00    0.000000E+00   -3.348133E-05
     959    0.000000E+00    0.000000E+00   -2.737609E-05
     960    0.000000E+00    0.000000E+00   -1.870065E-05
     961    0.000000E+00    0.000000E+00   -3.325773E-05
     962    0.000000E+00    0.000000E+00   -2.718765E-05
     963    0.000000E+00    0.000000E+00   -1.856866E-05
     964    0.000000E+00    0.000000E+00   -3.294146E-05
     965    0.000000E+00    0.000000E+00   -2.692384E-05
     966    0.000000E+00    0.000000E+00   -1.838460E-05
     967    0.000000E+00    0.000000E+00   -3.253760E-05
     968    0.000000E+00    0.000000E+00   -2.659011E-05
     969    0.000000E+00    0.000000E+00   -1.815301E-05
     970    0.000000E+00    0.000000E+00   -3.204897E-05
     971    0.000000E+00    0.000000E+00   -2.618995E-05
     972    0.000000E+00    0.000000E+00   -1.787693E-05
     973    0.000000E+00    0.000000E+00   -3.147735E-05
     974    0.000000E+00    0.000000E+00   -2.572588E-05
     975    0.000000E+00    0.000000E+00   -1.755866E-05
     976    0.000000E+00    0.000000E+00   -3.082386E-05
     977    0.000000E+00    0.000000E+00   -2.519989E-05
     978    0.000000E+00    0.000000E+00   -1.720009E-05
     979    0.000000E+00    0.000000E+00   -3.008832E-05
     980    0.000000E+00    0.000000E+00   -2.461292E-05
     981    0.000000E+00    0.000000E+00   -1.680232E-05
     982    0.000000E+00    0.000000E+00   -2.926732E-05
     983    0.000000E+00    0.000000E+00   -2.396321E-05
     984    0.000000E+00    0.000000E+00   -1.636457E-05
     985    0.000000E+00    0.000000E+00   -2.835153E-05
     986    0.000000E+00    0.000000E+00   -2.324448E-05
     987    0.000000E+00    0.000000E+00   -1.588326E-05
     988    0.000000E+00    0.000000E+00   -2.732566E-05
     989    0.000000E+00    0.000000E+00   -2.244817E-05
     990    0.000000E+00    0.000000E+00   -1.535494E-05
     991    0.000000E+00    0.000000E+00   -2.616682E-05
     992    0.000000E+00    0.000000E+00   -2.156809E-05
     993    0.000000E+00    0.000000E+00   -1.478344E-05
     994    0.000000E+00    0.000000E+00   -2.488148E-05
     995    0.000000E+00    0.000000E+00   -2.065232E-05
     996    0.000000E+00    0.000000E+00   -1.421864E-05
     997    0.000000E+00    0.000000E+00   -2.365605E-05
     998    0.000000E+00    0.000000E+00   -1.995379E-05
     999    0.000000E+00    0.000000E+00   -1.385328E-05
    1000    0.000000E+00    0.000000E+00   -1.388262E-05
    1001    0.000000E+00    0.000000E+00   -1.425985E-05
    1002    0.000000E+00    0.000000E+00   -1.479398E-05
    1003    0.000000E+00    0.000000E+00   -1.534918E-05
    1004    0.000000E+00    0.000000E+00   -1.587372E-05
    1005    0.000000E+00    0.000000E+00   -1.635451E-05
    1006    0.000000E+00    0.000000E+00   -1.679080E-05
    1007    0.000000E+00    0.000000E+00   -1.718341E-05
    1008    0.000000E+00    0.000000E+00   -1.753064E-05
    1009    0.000000E+00    0.000000E+00   -1.782506E-05
    1010    0.000000E+00    0.000000E+00   -1.805567E-05
    1011    0.000000E+00    0.000000E+00   -1.821940E-05
    1012    0.000000E+00    0.000000E+00   -1.830027E-05
    1013    0.000000E+00    0.000000E+00   -1.996566E-05
    1014    0.000000E+00    0.000000E+00   -2.066719E-05
    1015    0.000000E+00    0.000000E+00   -2.155890E-05
    1016    0.000000E+00    0.000000E+00   -2.243577E-05
    1017    0.000000E+00    0.000000E+00   -2.324063E-05
    1018    0.000000E+00    0.000000E+00   -2.396654E-05
    1019    0.000000E+00    0.000000E+00   -2.461836E-05
    1020    0.000000E+00    0.000000E+00   -2.519979E-05
    1021    0.000000E+00    0.000000E+00   -2.570949E-05
    1022    0.000000E+00    0.000000E+00   -2.613823E-05
    1023    0.000000E+00    0.000000E+00   -2.647320E-05
    1024    0.000000E+00    0.000000E+00   -2.670952E-05
    1025    0.000000E+00    0.000000E+00   -2.681410E-05
    1026    0.000000E+00    0.000000E+00   -2.365038E-05
    1027    0.000000E+00    0.000000E+00   -2.488804E-05
    1028    0.000000E+00    0.000000E+00   -2.615873E-05
    1029    0.000000E+00    0.000000E+00   -2.731426E-05
    1030    0.000000E+00    0.000000E+00   -2.834050E-05
    1031    0.000000E+00    0.000000E+00   -2.925310E-05
    1032    0.000000E+00    0.000000E+00   -3.006675E-05
    1033    0.000000E+00    0.000000E+00   -3.078818E-05
    1034    0.000000E+00    0.000000E+00   -3.141679E-05
    1035    0.000000E+00    0.000000E+00   -3.194430E-05
    1036    0.000000E+00    0.000000E+00   -3.235712E-05
    1037    0.000000E+00    0.000000E+00   -3.264725E-05
    1038    0.000000E+00    0.000000E+00   -3.278346E-05
