Penny shape crack(section 3.1 of the companion paper)to verify the quadrilateral element 
4.000E+4 2.500E-01 0.000E+00 0.000E+00
0 0 0 0 0 0 
1038  1091
   1,    9,   10,  191,  187
   2,   10,   11,  192,  191
   3,   11,   12,  193,  192
   4,   12,   13,  194,  193
   5,   13,   14,  195,  194
   6,   14,   15,  196,  195
   7,   15,   16,  197,  196
   8,   16,   17,  198,  197
   9,   17,    1,   18,  198
  10,  187,  191,  199,  186
  11,  191,  192,  200,  199
  12,  192,  193,  201,  200
  13,  193,  194,  202,  201
  14,  194,  195,  203,  202
  15,  195,  196,  204,  203
  16,  196,  197,  205,  204
  17,  197,  198,  206,  205
  18,  198,   18,   19,  206
  19,  186,  199,  207,  185
  20,  199,  200,  208,  207
  21,  200,  201,  209,  208
  22,  201,  202,  210,  209
  23,  202,  203,  211,  210
  24,  203,  204,  212,  211
  25,  204,  205,  213,  212
  26,  205,  206,  214,  213
  27,  206,   19,   20,  214
  28,  185,  207,  215,  184
  29,  207,  208,  216,  215
  30,  208,  209,  217,  216
  31,  209,  210,  218,  217
  32,  210,  211,  219,  218
  33,  211,  212,  220,  219
  34,  212,  213,  221,  220
  35,  213,  214,  222,  221
  36,  214,   20,   21,  222
  37,  184,  215,  223,  183
  38,  215,  216,  224,  223
  39,  216,  217,  225,  224
  40,  217,  218,  226,  225
  41,  218,  219,  227,  226
  42,  219,  220,  228,  227
  43,  220,  221,  229,  228
  44,  221,  222,  230,  229
  45,  222,   21,   22,  230
  46,  183,  223,  231,  182
  47,  223,  224,  232,  231
  48,  224,  225,  233,  232
  49,  225,  226,  234,  233
  50,  226,  227,  235,  234
  51,  227,  228,  236,  235
  52,  228,  229,  237,  236
  53,  229,  230,  238,  237
  54,  230,   22,   23,  238
  55,  182,  231,  239,  181
  56,  231,  232,  240,  239
  57,  232,  233,  241,  240
  58,  233,  234,  242,  241
  59,  234,  235,  243,  242
  60,  235,  236,  244,  243
  61,  236,  237,  245,  244
  62,  237,  238,  246,  245
  63,  238,   23,   24,  246
  64,  181,  239,  247,  180
  65,  239,  240,  248,  247
  66,  240,  241,  249,  248
  67,  241,  242,  250,  249
  68,  242,  243,  251,  250
  69,  243,  244,  252,  251
  70,  244,  245,  253,  252
  71,  245,  246,  254,  253
  72,  246,   24,   25,  254
  73,  180,  247,  255,  179
  74,  247,  248,  256,  255
  75,  248,  249,  257,  256
  76,  249,  250,  258,  257
  77,  250,  251,  259,  258
  78,  251,  252,  260,  259
  79,  252,  253,  261,  260
  80,  253,  254,  262,  261
  81,  254,   25,   26,  262
  82,  179,  255,  263,  178
  83,  255,  256,  264,  263
  84,  256,  257,  265,  264
  85,  257,  258,  266,  265
  86,  258,  259,  267,  266
  87,  259,  260,  268,  267
  88,  260,  261,  269,  268
  89,  261,  262,  270,  269
  90,  262,   26,   27,  270
  91,  178,  263,  271,  177
  92,  263,  264,  272,  271
  93,  264,  265,  273,  272
  94,  265,  266,  274,  273
  95,  266,  267,  275,  274
  96,  267,  268,  276,  275
  97,  268,  269,  277,  276
  98,  269,  270,  278,  277
  99,  270,   27,   28,  278
 100,  177,  271,  176,  168
 101,  271,  272,  175,  176
 102,  272,  273,  174,  175
 103,  273,  274,  173,  174
 104,  274,  275,  172,  173
 105,  275,  276,  171,  172
 106,  276,  277,  170,  171
 107,  277,  278,  169,  170
 108,  278,   28,   29,  169
 109,   29,   30,  279,  169
 110,   30,   31,  280,  279
 111,   31,   32,  281,  280
 112,   32,    2,   33,  281
 113,  169,  279,  282,  170
 114,  279,  280,  283,  282
 115,  280,  281,  284,  283
 116,  281,   33,   34,  284
 117,  170,  282,  285,  171
 118,  282,  283,  286,  285
 119,  283,  284,  287,  286
 120,  284,   34,   35,  287
 121,  171,  285,  288,  172
 122,  285,  286,  289,  288
 123,  286,  287,  290,  289
 124,  287,   35,   36,  290
 125,  172,  288,  291,  173
 126,  288,  289,  292,  291
 127,  289,  290,  293,  292
 128,  290,   36,   37,  293
 129,  173,  291,  294,  174
 130,  291,  292,  295,  294
 131,  292,  293,  296,  295
 132,  293,   37,   38,  296
 133,  174,  294,  297,  175
 134,  294,  295,  298,  297
 135,  295,  296,  299,  298
 136,  296,   38,   39,  299
 137,  175,  297,  300,  176
 138,  297,  298,  301,  300
 139,  298,  299,  302,  301
 140,  299,   39,   40,  302
 141,  176,  300,  190,  168
 142,  300,  301,  189,  190
 143,  301,  302,  188,  189
 144,  302,   40,   41,  188
 145,   41,   42,  303,  188
 146,   42,   43,  304,  303
 147,   43,   44,  305,  304
 148,   44,   45,  306,  305
 149,   45,   46,  307,  306
 150,   46,   47,  308,  307
 151,   47,   48,  309,  308
 152,   48,   49,  310,  309
 153,   49,   50,  311,  310
 154,   50,   51,  312,  311
 155,   51,   52,  313,  312
 156,   52,    3,    6,  313
 157,  188,  303,  314,  189
 158,  303,  304,  315,  314
 159,  304,  305,  316,  315
 160,  305,  306,  317,  316
 161,  306,  307,  318,  317
 162,  307,  308,  319,  318
 163,  308,  309,  320,  319
 164,  309,  310,  321,  320
 165,  310,  311,  322,  321
 166,  311,  312,  323,  322
 167,  312,  313,  324,  323
 168,  313,    6,    7,  324
 169,  189,  314,  325,  190
 170,  314,  315,  326,  325
 171,  315,  316,  327,  326
 172,  316,  317,  328,  327
 173,  317,  318,  329,  328
 174,  318,  319,  330,  329
 175,  319,  320,  331,  330
 176,  320,  321,  332,  331
 177,  321,  322,  333,  332
 178,  322,  323,  334,  333
 179,  323,  324,  335,  334
 180,  324,    7,    8,  335
 181,  190,  325,  177,  168
 182,  325,  326,  178,  177
 183,  326,  327,  179,  178
 184,  327,  328,  180,  179
 185,  328,  329,  181,  180
 186,  329,  330,  182,  181
 187,  330,  331,  183,  182
 188,  331,  332,  184,  183
 189,  332,  333,  185,  184
 190,  333,  334,  186,  185
 191,  334,  335,  187,  186
 192,  335,    8,    9,  187
 193,   65,   66,  368,  355
 194,   66,   67,  369,  368
 195,   67,   68,  370,  369
 196,   68,   69,  371,  370
 197,   69,   70,  372,  371
 198,   70,   71,  373,  372
 199,   71,   72,  374,  373
 200,   72,   73,  375,  374
 201,   73,   74,  376,  375
 202,   74,   75,  377,  376
 203,   75,   76,  378,  377
 204,   76,   77,  379,  378
 205,   77,   78,  380,  379
 206,   78,   79,  381,  380
 207,   79,   80,  382,  381
 208,   80,   81,  383,  382
 209,   81,   82,  384,  383
 210,   82,    2,   32,  384
 211,  355,  368,  385,  354
 212,  368,  369,  386,  385
 213,  369,  370,  387,  386
 214,  370,  371,  388,  387
 215,  371,  372,  389,  388
 216,  372,  373,  390,  389
 217,  373,  374,  391,  390
 218,  374,  375,  392,  391
 219,  375,  376,  393,  392
 220,  376,  377,  394,  393
 221,  377,  378,  395,  394
 222,  378,  379,  396,  395
 223,  379,  380,  397,  396
 224,  380,  381,  398,  397
 225,  381,  382,  399,  398
 226,  382,  383,  400,  399
 227,  383,  384,  401,  400
 228,  384,   32,   31,  401
 229,  354,  385,  353,  336
 230,  385,  386,  352,  353
 231,  386,  387,  351,  352
 232,  387,  388,  350,  351
 233,  388,  389,  349,  350
 234,  389,  390,  348,  349
 235,  390,  391,  347,  348
 236,  391,  392,  346,  347
 237,  392,  393,  345,  346
 238,  393,  394,  344,  345
 239,  394,  395,  343,  344
 240,  395,  396,  342,  343
 241,  396,  397,  341,  342
 242,  397,  398,  340,  341
 243,  398,  399,  339,  340
 244,  399,  400,  338,  339
 245,  400,  401,  337,  338
 246,  401,   31,   30,  337
 247,   30,   29,  402,  337
 248,   29,   28,  403,  402
 249,   28,   27,  404,  403
 250,   27,   26,  405,  404
 251,   26,   25,  406,  405
 252,   25,   24,  407,  406
 253,   24,   23,  408,  407
 254,   23,   22,  409,  408
 255,   22,   21,  410,  409
 256,   21,   20,  411,  410
 257,   20,   19,  412,  411
 258,   19,   18,  413,  412
 259,   18,    1,   83,  413
 260,  337,  402,  414,  338
 261,  402,  403,  415,  414
 262,  403,  404,  416,  415
 263,  404,  405,  417,  416
 264,  405,  406,  418,  417
 265,  406,  407,  419,  418
 266,  407,  408,  420,  419
 267,  408,  409,  421,  420
 268,  409,  410,  422,  421
 269,  410,  411,  423,  422
 270,  411,  412,  424,  423
 271,  412,  413,  425,  424
 272,  413,   83,   84,  425
 273,  338,  414,  426,  339
 274,  414,  415,  427,  426
 275,  415,  416,  428,  427
 276,  416,  417,  429,  428
 277,  417,  418,  430,  429
 278,  418,  419,  431,  430
 279,  419,  420,  432,  431
 280,  420,  421,  433,  432
 281,  421,  422,  434,  433
 282,  422,  423,  435,  434
 283,  423,  424,  436,  435
 284,  424,  425,  437,  436
 285,  425,   84,   85,  437
 286,  339,  426,  438,  340
 287,  426,  427,  439,  438
 288,  427,  428,  440,  439
 289,  428,  429,  441,  440
 290,  429,  430,  442,  441
 291,  430,  431,  443,  442
 292,  431,  432,  444,  443
 293,  432,  433,  445,  444
 294,  433,  434,  446,  445
 295,  434,  435,  447,  446
 296,  435,  436,  448,  447
 297,  436,  437,  449,  448
 298,  437,   85,   86,  449
 299,  340,  438,  450,  341
 300,  438,  439,  451,  450
 301,  439,  440,  452,  451
 302,  440,  441,  453,  452
 303,  441,  442,  454,  453
 304,  442,  443,  455,  454
 305,  443,  444,  456,  455
 306,  444,  445,  457,  456
 307,  445,  446,  458,  457
 308,  446,  447,  459,  458
 309,  447,  448,  460,  459
 310,  448,  449,  461,  460
 311,  449,   86,   87,  461
 312,  341,  450,  462,  342
 313,  450,  451,  463,  462
 314,  451,  452,  464,  463
 315,  452,  453,  465,  464
 316,  453,  454,  466,  465
 317,  454,  455,  467,  466
 318,  455,  456,  468,  467
 319,  456,  457,  469,  468
 320,  457,  458,  470,  469
 321,  458,  459,  471,  470
 322,  459,  460,  472,  471
 323,  460,  461,  473,  472
 324,  461,   87,   88,  473
 325,  342,  462,  474,  343
 326,  462,  463,  475,  474
 327,  463,  464,  476,  475
 328,  464,  465,  477,  476
 329,  465,  466,  478,  477
 330,  466,  467,  479,  478
 331,  467,  468,  480,  479
 332,  468,  469,  481,  480
 333,  469,  470,  482,  481
 334,  470,  471,  483,  482
 335,  471,  472,  484,  483
 336,  472,  473,  485,  484
 337,  473,   88,   89,  485
 338,  343,  474,  486,  344
 339,  474,  475,  487,  486
 340,  475,  476,  488,  487
 341,  476,  477,  489,  488
 342,  477,  478,  490,  489
 343,  478,  479,  491,  490
 344,  479,  480,  492,  491
 345,  480,  481,  493,  492
 346,  481,  482,  494,  493
 347,  482,  483,  495,  494
 348,  483,  484,  496,  495
 349,  484,  485,  497,  496
 350,  485,   89,   90,  497
 351,  344,  486,  498,  345
 352,  486,  487,  499,  498
 353,  487,  488,  500,  499
 354,  488,  489,  501,  500
 355,  489,  490,  502,  501
 356,  490,  491,  503,  502
 357,  491,  492,  504,  503
 358,  492,  493,  505,  504
 359,  493,  494,  506,  505
 360,  494,  495,  507,  506
 361,  495,  496,  508,  507
 362,  496,  497,  509,  508
 363,  497,   90,   91,  509
 364,  345,  498,  510,  346
 365,  498,  499,  511,  510
 366,  499,  500,  512,  511
 367,  500,  501,  513,  512
 368,  501,  502,  514,  513
 369,  502,  503,  515,  514
 370,  503,  504,  516,  515
 371,  504,  505,  517,  516
 372,  505,  506,  518,  517
 373,  506,  507,  519,  518
 374,  507,  508,  520,  519
 375,  508,  509,  521,  520
 376,  509,   91,   92,  521
 377,  346,  510,  522,  347
 378,  510,  511,  523,  522
 379,  511,  512,  524,  523
 380,  512,  513,  525,  524
 381,  513,  514,  526,  525
 382,  514,  515,  527,  526
 383,  515,  516,  528,  527
 384,  516,  517,  529,  528
 385,  517,  518,  530,  529
 386,  518,  519,  531,  530
 387,  519,  520,  532,  531
 388,  520,  521,  533,  532
 389,  521,   92,   93,  533
 390,  347,  522,  534,  348
 391,  522,  523,  535,  534
 392,  523,  524,  536,  535
 393,  524,  525,  537,  536
 394,  525,  526,  538,  537
 395,  526,  527,  539,  538
 396,  527,  528,  540,  539
 397,  528,  529,  541,  540
 398,  529,  530,  542,  541
 399,  530,  531,  543,  542
 400,  531,  532,  544,  543
 401,  532,  533,  545,  544
 402,  533,   93,   94,  545
 403,  348,  534,  546,  349
 404,  534,  535,  547,  546
 405,  535,  536,  548,  547
 406,  536,  537,  549,  548
 407,  537,  538,  550,  549
 408,  538,  539,  551,  550
 409,  539,  540,  552,  551
 410,  540,  541,  553,  552
 411,  541,  542,  554,  553
 412,  542,  543,  555,  554
 413,  543,  544,  556,  555
 414,  544,  545,  557,  556
 415,  545,   94,   95,  557
 416,  349,  546,  558,  350
 417,  546,  547,  559,  558
 418,  547,  548,  560,  559
 419,  548,  549,  561,  560
 420,  549,  550,  562,  561
 421,  550,  551,  563,  562
 422,  551,  552,  564,  563
 423,  552,  553,  565,  564
 424,  553,  554,  566,  565
 425,  554,  555,  567,  566
 426,  555,  556,  568,  567
 427,  556,  557,  569,  568
 428,  557,   95,   96,  569
 429,  350,  558,  570,  351
 430,  558,  559,  571,  570
 431,  559,  560,  572,  571
 432,  560,  561,  573,  572
 433,  561,  562,  574,  573
 434,  562,  563,  575,  574
 435,  563,  564,  576,  575
 436,  564,  565,  577,  576
 437,  565,  566,  578,  577
 438,  566,  567,  579,  578
 439,  567,  568,  580,  579
 440,  568,  569,  581,  580
 441,  569,   96,   97,  581
 442,  351,  570,  582,  352
 443,  570,  571,  583,  582
 444,  571,  572,  584,  583
 445,  572,  573,  585,  584
 446,  573,  574,  586,  585
 447,  574,  575,  587,  586
 448,  575,  576,  588,  587
 449,  576,  577,  589,  588
 450,  577,  578,  590,  589
 451,  578,  579,  591,  590
 452,  579,  580,  592,  591
 453,  580,  581,  593,  592
 454,  581,   97,   98,  593
 455,  352,  582,  594,  353
 456,  582,  583,  595,  594
 457,  583,  584,  596,  595
 458,  584,  585,  597,  596
 459,  585,  586,  598,  597
 460,  586,  587,  599,  598
 461,  587,  588,  600,  599
 462,  588,  589,  601,  600
 463,  589,  590,  602,  601
 464,  590,  591,  603,  602
 465,  591,  592,  604,  603
 466,  592,  593,  605,  604
 467,  593,   98,   99,  605
 468,  353,  594,  367,  336
 469,  594,  595,  366,  367
 470,  595,  596,  365,  366
 471,  596,  597,  364,  365
 472,  597,  598,  363,  364
 473,  598,  599,  362,  363
 474,  599,  600,  361,  362
 475,  600,  601,  360,  361
 476,  601,  602,  359,  360
 477,  602,  603,  358,  359
 478,  603,  604,  357,  358
 479,  604,  605,  356,  357
 480,  605,   99,  100,  356
 481,  100,  101,  606,  356
 482,  101,  102,  607,  606
 483,  102,    4,   53,  607
 484,  356,  606,  608,  357
 485,  606,  607,  609,  608
 486,  607,   53,   54,  609
 487,  357,  608,  610,  358
 488,  608,  609,  611,  610
 489,  609,   54,   55,  611
 490,  358,  610,  612,  359
 491,  610,  611,  613,  612
 492,  611,   55,   56,  613
 493,  359,  612,  614,  360
 494,  612,  613,  615,  614
 495,  613,   56,   57,  615
 496,  360,  614,  616,  361
 497,  614,  615,  617,  616
 498,  615,   57,   58,  617
 499,  361,  616,  618,  362
 500,  616,  617,  619,  618
 501,  617,   58,   59,  619
 502,  362,  618,  620,  363
 503,  618,  619,  621,  620
 504,  619,   59,   60,  621
 505,  363,  620,  622,  364
 506,  620,  621,  623,  622
 507,  621,   60,   61,  623
 508,  364,  622,  624,  365
 509,  622,  623,  625,  624
 510,  623,   61,   62,  625
 511,  365,  624,  626,  366
 512,  624,  625,  627,  626
 513,  625,   62,   63,  627
 514,  366,  626,  628,  367
 515,  626,  627,  629,  628
 516,  627,   63,   64,  629
 517,  367,  628,  354,  336
 518,  628,  629,  355,  354
 519,  629,   64,   65,  355
 520,  114,  115,  653,  641
 521,  115,  116,  654,  653
 522,  116,  117,  655,  654
 523,  117,  118,  656,  655
 524,  118,  119,  657,  656
 525,  119,  120,  658,  657
 526,  120,  121,  659,  658
 527,  121,  122,  660,  659
 528,  122,    5,  123,  660
 529,  641,  653,  661,  640
 530,  653,  654,  662,  661
 531,  654,  655,  663,  662
 532,  655,  656,  664,  663
 533,  656,  657,  665,  664
 534,  657,  658,  666,  665
 535,  658,  659,  667,  666
 536,  659,  660,  668,  667
 537,  660,  123,  124,  668
 538,  640,  661,  669,  639
 539,  661,  662,  670,  669
 540,  662,  663,  671,  670
 541,  663,  664,  672,  671
 542,  664,  665,  673,  672
 543,  665,  666,  674,  673
 544,  666,  667,  675,  674
 545,  667,  668,  676,  675
 546,  668,  124,  125,  676
 547,  639,  669,  638,  630
 548,  669,  670,  637,  638
 549,  670,  671,  636,  637
 550,  671,  672,  635,  636
 551,  672,  673,  634,  635
 552,  673,  674,  633,  634
 553,  674,  675,  632,  633
 554,  675,  676,  631,  632
 555,  676,  125,  126,  631
 556,  126,  127,  677,  631
 557,  127,  128,  678,  677
 558,  128,  129,  679,  678
 559,  129,  130,  680,  679
 560,  130,  131,  681,  680
 561,  131,  132,  682,  681
 562,  132,  133,  683,  682
 563,  133,  134,  684,  683
 564,  134,  135,  685,  684
 565,  135,  136,  686,  685
 566,  136,  137,  687,  686
 567,  137,    1,   17,  687
 568,  631,  677,  688,  632
 569,  677,  678,  689,  688
 570,  678,  679,  690,  689
 571,  679,  680,  691,  690
 572,  680,  681,  692,  691
 573,  681,  682,  693,  692
 574,  682,  683,  694,  693
 575,  683,  684,  695,  694
 576,  684,  685,  696,  695
 577,  685,  686,  697,  696
 578,  686,  687,  698,  697
 579,  687,   17,   16,  698
 580,  632,  688,  699,  633
 581,  688,  689,  700,  699
 582,  689,  690,  701,  700
 583,  690,  691,  702,  701
 584,  691,  692,  703,  702
 585,  692,  693,  704,  703
 586,  693,  694,  705,  704
 587,  694,  695,  706,  705
 588,  695,  696,  707,  706
 589,  696,  697,  708,  707
 590,  697,  698,  709,  708
 591,  698,   16,   15,  709
 592,  633,  699,  710,  634
 593,  699,  700,  711,  710
 594,  700,  701,  712,  711
 595,  701,  702,  713,  712
 596,  702,  703,  714,  713
 597,  703,  704,  715,  714
 598,  704,  705,  716,  715
 599,  705,  706,  717,  716
 600,  706,  707,  718,  717
 601,  707,  708,  719,  718
 602,  708,  709,  720,  719
 603,  709,   15,   14,  720
 604,  634,  710,  721,  635
 605,  710,  711,  722,  721
 606,  711,  712,  723,  722
 607,  712,  713,  724,  723
 608,  713,  714,  725,  724
 609,  714,  715,  726,  725
 610,  715,  716,  727,  726
 611,  716,  717,  728,  727
 612,  717,  718,  729,  728
 613,  718,  719,  730,  729
 614,  719,  720,  731,  730
 615,  720,   14,   13,  731
 616,  635,  721,  732,  636
 617,  721,  722,  733,  732
 618,  722,  723,  734,  733
 619,  723,  724,  735,  734
 620,  724,  725,  736,  735
 621,  725,  726,  737,  736
 622,  726,  727,  738,  737
 623,  727,  728,  739,  738
 624,  728,  729,  740,  739
 625,  729,  730,  741,  740
 626,  730,  731,  742,  741
 627,  731,   13,   12,  742
 628,  636,  732,  743,  637
 629,  732,  733,  744,  743
 630,  733,  734,  745,  744
 631,  734,  735,  746,  745
 632,  735,  736,  747,  746
 633,  736,  737,  748,  747
 634,  737,  738,  749,  748
 635,  738,  739,  750,  749
 636,  739,  740,  751,  750
 637,  740,  741,  752,  751
 638,  741,  742,  753,  752
 639,  742,   12,   11,  753
 640,  637,  743,  754,  638
 641,  743,  744,  755,  754
 642,  744,  745,  756,  755
 643,  745,  746,  757,  756
 644,  746,  747,  758,  757
 645,  747,  748,  759,  758
 646,  748,  749,  760,  759
 647,  749,  750,  761,  760
 648,  750,  751,  762,  761
 649,  751,  752,  763,  762
 650,  752,  753,  764,  763
 651,  753,   11,   10,  764
 652,  638,  754,  652,  630
 653,  754,  755,  651,  652
 654,  755,  756,  650,  651
 655,  756,  757,  649,  650
 656,  757,  758,  648,  649
 657,  758,  759,  647,  648
 658,  759,  760,  646,  647
 659,  760,  761,  645,  646
 660,  761,  762,  644,  645
 661,  762,  763,  643,  644
 662,  763,  764,  642,  643
 663,  764,   10,    9,  642
 664,    9,    8,  765,  642
 665,    8,    7,  766,  765
 666,    7,    6,  767,  766
 667,    6,    3,  103,  767
 668,  642,  765,  768,  643
 669,  765,  766,  769,  768
 670,  766,  767,  770,  769
 671,  767,  103,  104,  770
 672,  643,  768,  771,  644
 673,  768,  769,  772,  771
 674,  769,  770,  773,  772
 675,  770,  104,  105,  773
 676,  644,  771,  774,  645
 677,  771,  772,  775,  774
 678,  772,  773,  776,  775
 679,  773,  105,  106,  776
 680,  645,  774,  777,  646
 681,  774,  775,  778,  777
 682,  775,  776,  779,  778
 683,  776,  106,  107,  779
 684,  646,  777,  780,  647
 685,  777,  778,  781,  780
 686,  778,  779,  782,  781
 687,  779,  107,  108,  782
 688,  647,  780,  783,  648
 689,  780,  781,  784,  783
 690,  781,  782,  785,  784
 691,  782,  108,  109,  785
 692,  648,  783,  786,  649
 693,  783,  784,  787,  786
 694,  784,  785,  788,  787
 695,  785,  109,  110,  788
 696,  649,  786,  789,  650
 697,  786,  787,  790,  789
 698,  787,  788,  791,  790
 699,  788,  110,  111,  791
 700,  650,  789,  792,  651
 701,  789,  790,  793,  792
 702,  790,  791,  794,  793
 703,  791,  111,  112,  794
 704,  651,  792,  795,  652
 705,  792,  793,  796,  795
 706,  793,  794,  797,  796
 707,  794,  112,  113,  797
 708,  652,  795,  639,  630
 709,  795,  796,  640,  639
 710,  796,  797,  641,  640
 711,  797,  113,  114,  641
 712,  100,   99,  830,  827
 713,   99,   98,  831,  830
 714,   98,   97,  832,  831
 715,   97,   96,  833,  832
 716,   96,   95,  834,  833
 717,   95,   94,  835,  834
 718,   94,   93,  836,  835
 719,   93,   92,  837,  836
 720,   92,   91,  838,  837
 721,   91,   90,  839,  838
 722,   90,   89,  840,  839
 723,   89,   88,  841,  840
 724,   88,   87,  842,  841
 725,   87,   86,  843,  842
 726,   86,   85,  844,  843
 727,   85,   84,  845,  844
 728,   84,   83,  846,  845
 729,   83,    1,  137,  846
 730,  827,  830,  847,  826
 731,  830,  831,  848,  847
 732,  831,  832,  849,  848
 733,  832,  833,  850,  849
 734,  833,  834,  851,  850
 735,  834,  835,  852,  851
 736,  835,  836,  853,  852
 737,  836,  837,  854,  853
 738,  837,  838,  855,  854
 739,  838,  839,  856,  855
 740,  839,  840,  857,  856
 741,  840,  841,  858,  857
 742,  841,  842,  859,  858
 743,  842,  843,  860,  859
 744,  843,  844,  861,  860
 745,  844,  845,  862,  861
 746,  845,  846,  863,  862
 747,  846,  137,  136,  863
 748,  826,  847,  864,  825
 749,  847,  848,  865,  864
 750,  848,  849,  866,  865
 751,  849,  850,  867,  866
 752,  850,  851,  868,  867
 753,  851,  852,  869,  868
 754,  852,  853,  870,  869
 755,  853,  854,  871,  870
 756,  854,  855,  872,  871
 757,  855,  856,  873,  872
 758,  856,  857,  874,  873
 759,  857,  858,  875,  874
 760,  858,  859,  876,  875
 761,  859,  860,  877,  876
 762,  860,  861,  878,  877
 763,  861,  862,  879,  878
 764,  862,  863,  880,  879
 765,  863,  136,  135,  880
 766,  825,  864,  881,  824
 767,  864,  865,  882,  881
 768,  865,  866,  883,  882
 769,  866,  867,  884,  883
 770,  867,  868,  885,  884
 771,  868,  869,  886,  885
 772,  869,  870,  887,  886
 773,  870,  871,  888,  887
 774,  871,  872,  889,  888
 775,  872,  873,  890,  889
 776,  873,  874,  891,  890
 777,  874,  875,  892,  891
 778,  875,  876,  893,  892
 779,  876,  877,  894,  893
 780,  877,  878,  895,  894
 781,  878,  879,  896,  895
 782,  879,  880,  897,  896
 783,  880,  135,  134,  897
 784,  824,  881,  898,  823
 785,  881,  882,  899,  898
 786,  882,  883,  900,  899
 787,  883,  884,  901,  900
 788,  884,  885,  902,  901
 789,  885,  886,  903,  902
 790,  886,  887,  904,  903
 791,  887,  888,  905,  904
 792,  888,  889,  906,  905
 793,  889,  890,  907,  906
 794,  890,  891,  908,  907
 795,  891,  892,  909,  908
 796,  892,  893,  910,  909
 797,  893,  894,  911,  910
 798,  894,  895,  912,  911
 799,  895,  896,  913,  912
 800,  896,  897,  914,  913
 801,  897,  134,  133,  914
 802,  823,  898,  915,  822
 803,  898,  899,  916,  915
 804,  899,  900,  917,  916
 805,  900,  901,  918,  917
 806,  901,  902,  919,  918
 807,  902,  903,  920,  919
 808,  903,  904,  921,  920
 809,  904,  905,  922,  921
 810,  905,  906,  923,  922
 811,  906,  907,  924,  923
 812,  907,  908,  925,  924
 813,  908,  909,  926,  925
 814,  909,  910,  927,  926
 815,  910,  911,  928,  927
 816,  911,  912,  929,  928
 817,  912,  913,  930,  929
 818,  913,  914,  931,  930
 819,  914,  133,  132,  931
 820,  822,  915,  932,  821
 821,  915,  916,  933,  932
 822,  916,  917,  934,  933
 823,  917,  918,  935,  934
 824,  918,  919,  936,  935
 825,  919,  920,  937,  936
 826,  920,  921,  938,  937
 827,  921,  922,  939,  938
 828,  922,  923,  940,  939
 829,  923,  924,  941,  940
 830,  924,  925,  942,  941
 831,  925,  926,  943,  942
 832,  926,  927,  944,  943
 833,  927,  928,  945,  944
 834,  928,  929,  946,  945
 835,  929,  930,  947,  946
 836,  930,  931,  948,  947
 837,  931,  132,  131,  948
 838,  821,  932,  949,  820
 839,  932,  933,  950,  949
 840,  933,  934,  951,  950
 841,  934,  935,  952,  951
 842,  935,  936,  953,  952
 843,  936,  937,  954,  953
 844,  937,  938,  955,  954
 845,  938,  939,  956,  955
 846,  939,  940,  957,  956
 847,  940,  941,  958,  957
 848,  941,  942,  959,  958
 849,  942,  943,  960,  959
 850,  943,  944,  961,  960
 851,  944,  945,  962,  961
 852,  945,  946,  963,  962
 853,  946,  947,  964,  963
 854,  947,  948,  965,  964
 855,  948,  131,  130,  965
 856,  820,  949,  966,  819
 857,  949,  950,  967,  966
 858,  950,  951,  968,  967
 859,  951,  952,  969,  968
 860,  952,  953,  970,  969
 861,  953,  954,  971,  970
 862,  954,  955,  972,  971
 863,  955,  956,  973,  972
 864,  956,  957,  974,  973
 865,  957,  958,  975,  974
 866,  958,  959,  976,  975
 867,  959,  960,  977,  976
 868,  960,  961,  978,  977
 869,  961,  962,  979,  978
 870,  962,  963,  980,  979
 871,  963,  964,  981,  980
 872,  964,  965,  982,  981
 873,  965,  130,  129,  982
 874,  819,  966,  983,  818
 875,  966,  967,  984,  983
 876,  967,  968,  985,  984
 877,  968,  969,  986,  985
 878,  969,  970,  987,  986
 879,  970,  971,  988,  987
 880,  971,  972,  989,  988
 881,  972,  973,  990,  989
 882,  973,  974,  991,  990
 883,  974,  975,  992,  991
 884,  975,  976,  993,  992
 885,  976,  977,  994,  993
 886,  977,  978,  995,  994
 887,  978,  979,  996,  995
 888,  979,  980,  997,  996
 889,  980,  981,  998,  997
 890,  981,  982,  999,  998
 891,  982,  129,  128,  999
 892,  818,  983, 1000,  817
 893,  983,  984, 1001, 1000
 894,  984,  985, 1002, 1001
 895,  985,  986, 1003, 1002
 896,  986,  987, 1004, 1003
 897,  987,  988, 1005, 1004
 898,  988,  989, 1006, 1005
 899,  989,  990, 1007, 1006
 900,  990,  991, 1008, 1007
 901,  991,  992, 1009, 1008
 902,  992,  993, 1010, 1009
 903,  993,  994, 1011, 1010
 904,  994,  995, 1012, 1011
 905,  995,  996, 1013, 1012
 906,  996,  997, 1014, 1013
 907,  997,  998, 1015, 1014
 908,  998,  999, 1016, 1015
 909,  999,  128,  127, 1016
 910,  817, 1000, 1017,  816
 911, 1000, 1001, 1018, 1017
 912, 1001, 1002, 1019, 1018
 913, 1002, 1003, 1020, 1019
 914, 1003, 1004, 1021, 1020
 915, 1004, 1005, 1022, 1021
 916, 1005, 1006, 1023, 1022
 917, 1006, 1007, 1024, 1023
 918, 1007, 1008, 1025, 1024
 919, 1008, 1009, 1026, 1025
 920, 1009, 1010, 1027, 1026
 921, 1010, 1011, 1028, 1027
 922, 1011, 1012, 1029, 1028
 923, 1012, 1013, 1030, 1029
 924, 1013, 1014, 1031, 1030
 925, 1014, 1015, 1032, 1031
 926, 1015, 1016, 1033, 1032
 927, 1016,  127,  126, 1033
 928,  816, 1017,  815,  798
 929, 1017, 1018,  814,  815
 930, 1018, 1019,  813,  814
 931, 1019, 1020,  812,  813
 932, 1020, 1021,  811,  812
 933, 1021, 1022,  810,  811
 934, 1022, 1023,  809,  810
 935, 1023, 1024,  808,  809
 936, 1024, 1025,  807,  808
 937, 1025, 1026,  806,  807
 938, 1026, 1027,  805,  806
 939, 1027, 1028,  804,  805
 940, 1028, 1029,  803,  804
 941, 1029, 1030,  802,  803
 942, 1030, 1031,  801,  802
 943, 1031, 1032,  800,  801
 944, 1032, 1033,  799,  800
 945, 1033,  126,  125,  799
 946,  125,  124, 1034,  799
 947,  124,  123, 1035, 1034
 948,  123,    5,  138, 1035
 949,  799, 1034, 1036,  800
 950, 1034, 1035, 1037, 1036
 951, 1035,  138,  139, 1037
 952,  800, 1036, 1038,  801
 953, 1036, 1037, 1039, 1038
 954, 1037,  139,  140, 1039
 955,  801, 1038, 1040,  802
 956, 1038, 1039, 1041, 1040
 957, 1039,  140,  141, 1041
 958,  802, 1040, 1042,  803
 959, 1040, 1041, 1043, 1042
 960, 1041,  141,  142, 1043
 961,  803, 1042, 1044,  804
 962, 1042, 1043, 1045, 1044
 963, 1043,  142,  143, 1045
 964,  804, 1044, 1046,  805
 965, 1044, 1045, 1047, 1046
 966, 1045,  143,  144, 1047
 967,  805, 1046, 1048,  806
 968, 1046, 1047, 1049, 1048
 969, 1047,  144,  145, 1049
 970,  806, 1048, 1050,  807
 971, 1048, 1049, 1051, 1050
 972, 1049,  145,  146, 1051
 973,  807, 1050, 1052,  808
 974, 1050, 1051, 1053, 1052
 975, 1051,  146,  147, 1053
 976,  808, 1052, 1054,  809
 977, 1052, 1053, 1055, 1054
 978, 1053,  147,  148, 1055
 979,  809, 1054, 1056,  810
 980, 1054, 1055, 1057, 1056
 981, 1055,  148,  149, 1057
 982,  810, 1056, 1058,  811
 983, 1056, 1057, 1059, 1058
 984, 1057,  149,  150, 1059
 985,  811, 1058, 1060,  812
 986, 1058, 1059, 1061, 1060
 987, 1059,  150,  151, 1061
 988,  812, 1060, 1062,  813
 989, 1060, 1061, 1063, 1062
 990, 1061,  151,  152, 1063
 991,  813, 1062, 1064,  814
 992, 1062, 1063, 1065, 1064
 993, 1063,  152,  153, 1065
 994,  814, 1064, 1066,  815
 995, 1064, 1065, 1067, 1066
 996, 1065,  153,  154, 1067
 997,  815, 1066,  829,  798
 998, 1066, 1067,  828,  829
 999, 1067,  154,  155,  828
1000,  155,  156, 1068,  828
1001,  156,  157, 1069, 1068
1002,  157,  158, 1070, 1069
1003,  158,  159, 1071, 1070
1004,  159,  160, 1072, 1071
1005,  160,  161, 1073, 1072
1006,  161,  162, 1074, 1073
1007,  162,  163, 1075, 1074
1008,  163,  164, 1076, 1075
1009,  164,  165, 1077, 1076
1010,  165,  166, 1078, 1077
1011,  166,  167, 1079, 1078
1012,  167,    4,  102, 1079
1013,  828, 1068, 1080,  829
1014, 1068, 1069, 1081, 1080
1015, 1069, 1070, 1082, 1081
1016, 1070, 1071, 1083, 1082
1017, 1071, 1072, 1084, 1083
1018, 1072, 1073, 1085, 1084
1019, 1073, 1074, 1086, 1085
1020, 1074, 1075, 1087, 1086
1021, 1075, 1076, 1088, 1087
1022, 1076, 1077, 1089, 1088
1023, 1077, 1078, 1090, 1089
1024, 1078, 1079, 1091, 1090
1025, 1079,  102,  101, 1091
1026,  829, 1080,  816,  798
1027, 1080, 1081,  817,  816
1028, 1081, 1082,  818,  817
1029, 1082, 1083,  819,  818
1030, 1083, 1084,  820,  819
1031, 1084, 1085,  821,  820
1032, 1085, 1086,  822,  821
1033, 1086, 1087,  823,  822
1034, 1087, 1088,  824,  823
1035, 1088, 1089,  825,  824
1036, 1089, 1090,  826,  825
1037, 1090, 1091,  827,  826
1038, 1091,  101,  100,  827
1	-0.206540853	-2.89E-05	0
2	-0.317139387	0.948378921	0
3	-1	0.000191147	0
4	1	0	0
5	-0.317959279	-0.948104382	0
6	-0.93706876	9.12E-05	0
7	-0.875954866	0.000177165	0
8	-0.815691352	0.000353016	0
9	-0.75563848	0.000326316	0
10	-0.694581509	0.000110575	0
11	-0.634067893	0.000110869	0
12	-0.571809649	8.72E-05	0
13	-0.51132834	0.000116884	0
14	-0.450401843	0.000101285	0
15	-0.38923502	7.03E-05	0
16	-0.328695655	3.49E-05	0
17	-0.268614709	-8.28E-06	0
18	-0.210232645	0.059647873	0
19	-0.215769306	0.119331822	0
20	-0.221934497	0.179015279	0
21	-0.228261456	0.238688171	0
22	-0.234606564	0.298339427	0
23	-0.240921319	0.357956767	0
24	-0.247183293	0.417526364	0
25	-0.253392965	0.477022529	0
26	-0.259599268	0.536402702	0
27	-0.265894413	0.595624685	0
28	-0.2722978	0.654733896	0
29	-0.278918475	0.713778913	0
30	-0.285806894	0.77235055	0
31	-0.293180645	0.830498338	0
32	-0.303311199	0.88880682	0
33	-0.374329209	0.927295864	0
34	-0.429680228	0.902981102	0
35	-0.483145267	0.875540197	0
36	-0.53463763	0.845081449	0
37	-0.584030867	0.811731458	0
38	-0.631141424	0.775667787	0
39	-0.675735295	0.737144351	0
40	-0.71767199	0.696381271	0
41	-0.756756783	0.653696537	0
42	-0.793478549	0.608598232	0
43	-0.827635944	0.56126529	0
44	-0.859109819	0.511791289	0
45	-0.88775301	0.460320145	0
46	-0.913412571	0.407034993	0
47	-0.935949504	0.352134228	0
48	-0.955243528	0.295820624	0
49	-0.971191883	0.238298848	0
50	-0.983708084	0.179773316	0
51	-0.992719769	0.120446786	0
52	-0.998167038	0.060519096	0
53	0.998077214	0.061983042	0
54	0.992279828	0.124018967	0
55	0.982614279	0.185658798	0
56	0.969131052	0.24654609	0
57	0.95190835	0.306383014	0
58	0.931043804	0.364907414	0
59	0.906652987	0.421877146	0
60	0.87888056	0.47704187	0
61	0.847939134	0.53009361	0
62	0.814166307	0.580631793	0
63	0.778049707	0.628202677	0
64	0.740050197	0.672551632	0
65	0.700518131	0.71363461	0
66	0.658692658	0.752412081	0
67	0.614159286	0.789182067	0
68	0.566698253	0.823925376	0
69	0.516441882	0.856322229	0
70	0.463705152	0.885989606	0
71	0.40883401	0.912608743	0
72	0.3521415	0.935946763	0
73	0.293903977	0.955834925	0
74	0.234376177	0.972145975	0
75	0.173804775	0.984780133	0
76	0.112436317	0.99365896	0
77	0.050520375	0.99872303	0
78	-0.011690106	0.999931693	0
79	-0.073940665	0.997262657	0
80	-0.13597694	0.990711987	0
81	-0.19754073	0.980294704	0
82	-0.258272141	0.966072202	0
83	-0.148377776	-2.62E-05	0
84	-0.090614289	-4.66E-05	0
85	-0.033080652	-8.44E-05	0
86	0.023939459	-0.00013723	0
87	0.081017546	-0.000183633	0
88	0.138375774	-0.000215242	0
89	0.195894599	-0.000236295	0
90	0.253476232	-0.000251327	0
91	0.311067194	-0.000263749	0
92	0.368637502	-0.000276148	0
93	0.426166177	-0.000290817	0
94	0.483633578	-0.000308651	0
95	0.541015625	-0.000323147	0
96	0.598281562	-0.000313903	0
97	0.65539819	-0.000253643	0
98	0.71233964	-0.000138074	0
99	0.769116759	-5.02E-05	0
100	0.825933933	-0.000125293	0
101	0.882441401	-0.00020405	0
102	0.939997613	-0.000181392	0
103	-0.998188078	-0.060171425	0
104	-0.992735267	-0.120318986	0
105	-0.983672798	-0.179966196	0
106	-0.971056402	-0.238850415	0
107	-0.95495981	-0.296735197	0
108	-0.9354707	-0.353404254	0
109	-0.912688434	-0.408656061	0
110	-0.88672483	-0.462297589	0
111	-0.85773176	-0.514097452	0
112	-0.825934589	-0.563766003	0
113	-0.791643739	-0.610982955	0
114	-0.754333854	-0.656491041	0
115	-0.715105832	-0.699016213	0
116	-0.673480153	-0.739205301	0
117	-0.629280567	-0.777178228	0
118	-0.582605481	-0.812755108	0
119	-0.53364712	-0.845707238	0
120	-0.482606232	-0.875837445	0
121	-0.429669082	-0.902986407	0
122	-0.374984026	-0.927031279	0
123	-0.304053903	-0.888899684	0
124	-0.294368118	-0.830206037	0
125	-0.286490947	-0.771746695	0
126	-0.279071599	-0.713300645	0
127	-0.27237159	-0.654597282	0
128	-0.266003132	-0.595636189	0
129	-0.259753644	-0.536458075	0
130	-0.253518224	-0.477112949	0
131	-0.247259468	-0.417647928	0
132	-0.240964249	-0.35809952	0
133	-0.234624416	-0.298492521	0
134	-0.228234485	-0.238844171	0
135	-0.221794635	-0.179167658	0
136	-0.215411037	-0.119473435	0
137	-0.210430175	-0.05976079	0
138	-0.25917241	-0.965831101	0
139	-0.198894143	-0.980021	0
140	-0.137575194	-0.990491331	0
141	-0.075614929	-0.99713707	0
142	-0.013349342	-0.999910891	0
143	0.048926354	-0.998802364	0
144	0.110939451	-0.993827164	0
145	0.172429889	-0.98502177	0
146	0.233146459	-0.972441614	0
147	0.292846173	-0.956159592	0
148	0.351294845	-0.936264873	0
149	0.408267617	-0.912862301	0
150	0.463548273	-0.886071682	0
151	0.516886652	-0.856053829	0
152	0.567929029	-0.823077559	0
153	0.616216302	-0.787576973	0
154	0.661314189	-0.750109017	0
155	0.703225017	-0.710967302	0
156	0.742855549	-0.669451714	0
157	0.780484378	-0.625175238	0
158	0.816050172	-0.577981114	0
159	0.849235773	-0.528013766	0
160	0.879679859	-0.475566387	0
161	0.907079518	-0.420959324	0
162	0.931206703	-0.364491493	0
163	0.95189172	-0.306434542	0
164	0.969005048	-0.247040823	0
165	0.982446849	-0.186542735	0
166	0.992136836	-0.125157714	0
167	0.998015046	-0.06297601	0
168	-0.668418884	0.56235379	0
169	-0.329941154	0.70097065	0
170	-0.379698038	0.687185109	0
171	-0.428396553	0.671921134	0
172	-0.476083159	0.654776216	0
173	-0.522521019	0.635718644	0
174	-0.567062855	0.615226805	0
175	-0.608375311	0.594492316	0
176	-0.643803954	0.575799465	0
177	-0.678103864	0.535403609	0
178	-0.691290677	0.497317016	0
179	-0.705515742	0.453428924	0
180	-0.718915462	0.406514704	0
181	-0.730595112	0.35782814	0
182	-0.740120769	0.308050424	0
183	-0.747339189	0.25756228	0
184	-0.752236724	0.206595927	0
185	-0.754926682	0.155298531	0
186	-0.755811453	0.103770524	0
187	-0.755728722	0.052105412	0
188	-0.728064597	0.625732124	0
189	-0.70326966	0.599470854	0
190	-0.682583988	0.577433586	0
191	-0.695900619	0.051767223	0
192	-0.63584435	0.052374724	0
193	-0.574904919	0.053436942	0
194	-0.514172316	0.054664481	0
195	-0.45330447	0.055854369	0
196	-0.392273784	0.056920588	0
197	-0.331573665	0.057853811	0
198	-0.271428823	0.058733605	0
199	-0.697298348	0.103476107	0
200	-0.638092756	0.104747042	0
201	-0.578182101	0.106860057	0
202	-0.517969668	0.109269276	0
203	-0.457513332	0.111627847	0
204	-0.396853149	0.113762982	0
205	-0.33629635	0.115655787	0
206	-0.276206493	0.117468193	0
207	-0.697749913	0.155132934	0
208	-0.639665484	0.157118544	0
209	-0.580812871	0.16028735	0
210	-0.521431804	0.163875103	0
211	-0.461664498	0.167392194	0
212	-0.401608378	0.170587972	0
213	-0.3415097	0.173441276	0
214	-0.281734407	0.176193237	0
215	-0.696649432	0.206648871	0
216	-0.639953971	0.209404066	0
217	-0.582338989	0.213654265	0
218	-0.524028182	0.218433142	0
219	-0.465197802	0.223115221	0
220	-0.405983865	0.227377325	0
221	-0.346615285	0.23120001	0
222	-0.28741163	0.2349004	0
223	-0.693664312	0.257927835	0
224	-0.638638854	0.261516601	0
225	-0.58250165	0.266889215	0
226	-0.525506616	0.272887141	0
227	-0.467863202	0.278755546	0
228	-0.409739941	0.284102917	0
229	-0.351359904	0.288913757	0
230	-0.292976648	0.293576658	0
231	-0.688637972	0.308844626	0
232	-0.635551155	0.313350737	0
233	-0.581149459	0.319905818	0
234	-0.525728106	0.327168167	0
235	-0.469531834	0.334260315	0
236	-0.41275987	0.340726912	0
237	-0.355630338	0.34655726	0
238	-0.298317373	0.352204949	0
239	-0.681529403	0.359214246	0
240	-0.630632699	0.36475572	0
241	-0.578226924	0.37258023	0
242	-0.5246436	0.38117519	0
243	-0.470160604	0.389549255	0
244	-0.415006876	0.397188485	0
245	-0.359392524	0.404087633	0
246	-0.303398371	0.410755813	0
247	-0.672517776	0.408697516	0
248	-0.624092877	0.415434003	0
249	-0.573950887	0.424656987	0
250	-0.52245599	0.434694231	0
251	-0.469926	0.444448829	0
252	-0.416624367	0.453353822	0
253	-0.36275211	0.461409062	0
254	-0.30827719	0.469170719	0
255	-0.662317514	0.456591517	0
256	-0.616765916	0.46475324	0
257	-0.569146037	0.47560367	0
258	-0.519904017	0.487295091	0
259	-0.469444811	0.498624802	0
260	-0.418092132	0.508978724	0
261	-0.366039574	0.518368959	0
262	-0.31313628	0.5273664	0
263	-0.652456403	0.501637459	0
264	-0.610314906	0.511674702	0
265	-0.565356255	0.524615943	0
266	-0.518306315	0.538375974	0
267	-0.469772756	0.551647067	0
268	-0.420190752	0.563789964	0
269	-0.369755089	0.57482326	0
270	-0.318212658	0.585284889	0
271	-0.645253778	0.54200995	0
272	-0.606936872	0.554997265	0
273	-0.564436138	0.570894957	0
274	-0.519148827	0.587407827	0
275	-0.472038537	0.603193164	0
276	-0.423696667	0.617628813	0
277	-0.374303669	0.630740583	0
278	-0.323688805	0.642932534	0
279	-0.337186754	0.757747829	0
280	-0.345967025	0.814010382	0
281	-0.358325541	0.870051384	0
282	-0.387385905	0.74162221	0
283	-0.397429526	0.795393884	0
284	-0.411670864	0.848665595	0
285	-0.436478227	0.723612666	0
286	-0.447605252	0.774475098	0
287	-0.463419348	0.824571252	0
288	-0.4834598	0.705056548	0
289	-0.496179998	0.751500666	0
290	-0.513444364	0.7978338	0
291	-0.529815674	0.682714343	0
292	-0.543292046	0.725729108	0
293	-0.56163913	0.768331051	0
294	-0.575137317	0.657113194	0
295	-0.588587344	0.697183371	0
296	-0.607721865	0.736121356	0
297	-0.616633117	0.631132722	0
298	-0.630903482	0.666675448	0
299	-0.6511783	0.70147568	0
300	-0.652973711	0.604862094	0
301	-0.669374883	0.634242475	0
302	-0.691572428	0.664457917	0
303	-0.761895418	0.583028674	0
304	-0.792546868	0.537657917	0
305	-0.820677578	0.489499748	0
306	-0.845421433	0.439843386	0
307	-0.867328525	0.388420254	0
308	-0.886317492	0.335521966	0
309	-0.902276635	0.28143084	0
310	-0.915134609	0.22638011	0
311	-0.924889684	0.170573384	0
312	-0.931632221	0.114178807	0
313	-0.935524583	0.057333913	0
314	-0.732669055	0.560553849	0
315	-0.759173512	0.517502904	0
316	-0.782732606	0.471659422	0
317	-0.803612769	0.423596144	0
318	-0.821903169	0.373732239	0
319	-0.83750248	0.322496057	0
320	-0.850310862	0.270224392	0
321	-0.860284686	0.21717076	0
322	-0.867496014	0.163524389	0
323	-0.872163475	0.109416381	0
324	-0.874729395	0.054969568	0
325	-0.704942584	0.544002533	0
326	-0.725328624	0.504146695	0
327	-0.744131923	0.4599967	0
328	-0.761106431	0.413012445	0
329	-0.775935888	0.36411956	0
330	-0.788376093	0.313922465	0
331	-0.79829365	0.262814462	0
332	-0.805660725	0.211057425	0
333	-0.810594678	0.158824041	0
334	-0.813461065	0.106240444	0
335	-0.814902663	0.053417113	0
336	0.644643664	0.660382152	0
337	-0.232344881	0.785184443	0
338	-0.177403897	0.796762347	0
339	-0.121622548	0.806454897	0
340	-0.065370888	0.813851953	0
341	-0.008831237	0.818658054	0
342	0.047848281	0.820692003	0
343	0.104514986	0.819852114	0
344	0.161005706	0.816084146	0
345	0.217147529	0.809358418	0
346	0.272758335	0.799659133	0
347	0.327646315	0.786985457	0
348	0.381602526	0.771374702	0
349	0.434350878	0.752995133	0
350	0.485411912	0.732343435	0
351	0.533912122	0.710457444	0
352	0.576626718	0.689925551	0
353	0.616769254	0.671414077	0
354	0.657072961	0.671123803	0
355	0.676734805	0.690071225	0
356	0.824196517	0.057491116	0
357	0.820256114	0.115026638	0
358	0.814011931	0.172311991	0
359	0.805267513	0.229176998	0
360	0.795579195	0.284308136	0
361	0.781418204	0.339590222	0
362	0.762937963	0.394982934	0
363	0.742946148	0.448309839	0
364	0.722624302	0.498220891	0
365	0.69873625	0.547891796	0
366	0.67636025	0.592948854	0
367	0.657259226	0.631874263	0
368	0.637835741	0.724481463	0
369	0.595101953	0.756662488	0
370	0.548802257	0.787220895	0
371	0.499504745	0.815871239	0
372	0.447789133	0.842128754	0
373	0.39413023	0.865583301	0
374	0.338890374	0.885961771	0
375	0.282356024	0.903098881	0
376	0.22477375	0.916894138	0
377	0.166371986	0.927283049	0
378	0.107371502	0.934223413	0
379	0.047989443	0.93769145	0
380	-0.011561137	0.937687039	0
381	-0.071076669	0.934248447	0
382	-0.130372733	0.927477002	0
383	-0.18928808	0.917469263	0
384	-0.24747023	0.904291272	0
385	0.623318911	0.69786793	0
386	0.582819045	0.723820329	0
387	0.538248479	0.749407887	0
388	0.489863902	0.774267375	0
389	0.438843608	0.797383189	0
390	0.385920227	0.818057597	0
391	0.331556797	0.835887372	0
392	0.276066542	0.850673199	0
393	0.219693601	0.862324178	0
394	0.162653476	0.870799601	0
395	0.10514845	0.876084328	0
396	0.047372252	0.878183365	0
397	-0.010490634	0.87713033	0
398	-0.068269849	0.873009086	0
399	-0.12581484	0.865986645	0
400	-0.18287909	0.85625875	0
401	-0.2389687	0.844058156	0
402	-0.225595638	0.725588322	0
403	-0.218599647	0.665774345	0
404	-0.211448342	0.605779648	0
405	-0.204249755	0.545614481	0
406	-0.197097704	0.485287756	0
407	-0.190034598	0.424828976	0
408	-0.183082446	0.364269704	0
409	-0.17625846	0.303635448	0
410	-0.16957517	0.242946386	0
411	-0.163040072	0.182220817	0
412	-0.156743735	0.121477216	0
413	-0.151915774	0.060725752	0
414	-0.170968339	0.736569881	0
415	-0.16377449	0.676153958	0
416	-0.156102255	0.615463197	0
417	-0.14823471	0.55451262	0
418	-0.14038974	0.493335843	0
419	-0.132705823	0.431973159	0
420	-0.125263363	0.370462894	0
421	-0.118105948	0.308838427	0
422	-0.111250594	0.247129023	0
423	-0.104688384	0.185362592	0
424	-0.098489568	0.123567119	0
425	-0.093931958	0.061757885	0
426	-0.115559481	0.74601239	0
427	-0.108256496	0.68522352	0
428	-0.100179158	0.624031305	0
429	-0.091768995	0.562464952	0
430	-0.083362497	0.50058037	0
431	-0.075181879	0.438436121	0
432	-0.067359939	0.376084983	0
433	-0.059967928	0.313572735	0
434	-0.053031426	0.250940233	0
435	-0.046531949	0.18822667	0
436	-0.040514555	0.125470534	0
437	-0.036166702	0.062690154	0
438	-0.05967065	0.753447711	0
439	-0.052293036	0.692524314	0
440	-0.043867465	0.631039739	0
441	-0.034981493	0.56904757	0
442	-0.026083797	0.506629944	0
443	-0.017474707	0.443867862	0
444	-0.009336459	0.380832464	0
445	-0.00176757	0.317584634	0
446	0.005196908	0.254178196	0
447	0.01158323	0.190664396	0
448	0.017376447	0.127092481	0
449	0.021285351	0.063474402	0
450	-0.003481387	0.758570075	0
451	0.003959253	0.697755635	0
452	0.012706135	0.636199832	0
453	0.022032782	0.573988557	0
454	0.03138303	0.511234641	0
455	0.040381696	0.448044956	0
456	0.048798963	0.384511232	0
457	0.056509666	0.320710927	0
458	0.063469321	0.2567119	0
459	0.069711663	0.19257766	0
460	0.075145163	0.128363892	0
461	0.078710236	0.064087793	0
462	0.052866481	0.761188745	0
463	0.060373347	0.700727761	0
464	0.069433145	0.639329076	0
465	0.079184905	0.577116609	0
466	0.088968396	0.514237523	0
467	0.098335959	0.450826883	0
468	0.107011601	0.386998773	0
469	0.114844143	0.32284826	0
470	0.121779978	0.258457661	0
471	0.127860472	0.19390294	0
472	0.132957101	0.129246742	0
473	0.136249468	0.064513579	0
474	0.109233603	0.761189997	0
475	0.116824225	0.701323628	0
476	0.126203716	0.640313029	0
477	0.136380285	0.578323603	0
478	0.146592647	0.51553905	0
479	0.156322688	0.452124506	0
480	0.165249497	0.388217151	0
481	0.173196644	0.323930502	0
482	0.180101722	0.259361625	0
483	0.186013952	0.194598973	0
484	0.190817952	0.129713476	0
485	0.193883538	0.064736776	0
486	0.165472627	0.758505523	0
487	0.173179328	0.699469328	0
488	0.182899654	0.639077485	0
489	0.193514854	0.577538311	0
490	0.204165429	0.515073478	0
491	0.214264855	0.451878428	0
492	0.22344856	0.388114303	0
493	0.231515542	0.323913276	0
494	0.23839502	0.259387463	0
495	0.24414438	0.194637716	0
496	0.24868983	0.129744172	0
497	0.251559794	0.064745501	0
498	0.221426189	0.753091574	0
499	0.229295939	0.695113897	0
500	0.239392519	0.635569453	0
501	0.250474155	0.574709237	0
502	0.26158607	0.512792468	0
503	0.272075355	0.45004493	0
504	0.281535	0.386651784	0
505	0.289740175	0.32276386	0
506	0.296612144	0.258508265	0
507	0.302216798	0.193998426	0
508	0.306533933	0.129324049	0
509	0.309234381	0.064530671	0
510	0.276926816	0.744917333	0
511	0.285020888	0.688218594	0
512	0.295543492	0.629747212	0
513	0.307133675	0.569795012	0
514	0.318744361	0.508657098	0
515	0.32965821	0.446588814	0
516	0.339426935	0.383798629	0
517	0.347802699	0.320455879	0
518	0.354699254	0.256702662	0
519	0.360191107	0.192664742	0
520	0.36431554	0.128441632	0
521	0.366874546	0.064085364	0
522	0.33179763	0.733966112	0
523	0.340191633	0.678759158	0
524	0.351204097	0.621584058	0
525	0.363359302	0.562769115	0
526	0.375520766	0.502642572	0
527	0.386908621	0.441487819	0
528	0.397034556	0.379535645	0
529	0.405628264	0.316973478	0
530	0.412596405	0.253958136	0
531	0.418022394	0.190627664	0
532	0.422000557	0.127091244	0
533	0.424452603	0.063406512	0
534	0.385843217	0.72026968	0
535	0.394624323	0.666769385	0
536	0.406202763	0.611116469	0
537	0.418993324	0.553668976	0
538	0.431772947	0.494785726	0
539	0.443700671	0.434776664	0
540	0.454248846	0.37389484	0
541	0.46312505	0.312345505	0
542	0.470229149	0.250300169	0
543	0.475653827	0.187909126	0
544	0.47954753	0.125290826	0
545	0.481938332	0.062505595	0
546	0.438786656	0.704039097	0
547	0.448049247	0.652493	0
548	0.460285336	0.598601222	0
549	0.473802626	0.542747617	0
550	0.487291455	0.485324562	0
551	0.499849319	0.426672608	0
552	0.510909319	0.367069423	0
553	0.520157218	0.30673945	0
554	0.527486563	0.245869398	0
555	0.532999694	0.184621975	0
556	0.536896646	0.123122722	0
557	0.539292336	0.061430372	0
558	0.490124822	0.685918808	0
559	0.499985307	0.636652529	0
560	0.513015747	0.584773421	0
561	0.527402401	0.530709207	0
562	0.541741312	0.474908203	0
563	0.555065751	0.41775772	0
564	0.566769958	0.359568566	0
565	0.576520145	0.30058834	0
566	0.584205568	0.24102062	0
567	0.589941382	0.181039751	0
568	0.593971908	0.120774791	0
569	0.59646821	0.060283717	0
570	0.538976431	0.667227268	0
571	0.549649477	0.620664835	0
572	0.563732505	0.571021378	0
573	0.579242587	0.518846035	0
574	0.594665825	0.464703172	0
575	0.608971536	0.409060866	0
576	0.621520996	0.352278829	0
577	0.6319682	0.294633746	0
578	0.640205145	0.236347497	0
579	0.646361053	0.177604705	0
580	0.65070802	0.118538186	0
581	0.653428555	0.059216432	0
582	0.583720028	0.650353789	0
583	0.595980525	0.60670203	0
584	0.611665726	0.559291363	0
585	0.628741205	0.508882523	0
586	0.645617723	0.456221253	0
587	0.661222756	0.401890069	0
588	0.674904406	0.346310228	0
589	0.686321139	0.289789736	0
590	0.695377707	0.232567281	0
591	0.702212334	0.174837649	0
592	0.707095146	0.116744578	0
593	0.710151374	0.058384046	0
594	0.624027252	0.637545586	0
595	0.638357401	0.597006857	0
596	0.656410873	0.55144453	0
597	0.675962329	0.502109766	0
598	0.694522202	0.45077467	0
599	0.711862326	0.39734748	0
600	0.727397561	0.342324823	0
601	0.740178883	0.286510825	0
602	0.749940693	0.230226025	0
603	0.757621288	0.173170179	0
604	0.763178706	0.115663663	0
605	0.766660869	0.057872154	0
606	0.88061893	0.058070533	0
607	0.938070893	0.059606675	0
608	0.876114368	0.116246089	0
609	0.932949424	0.119349234	0
610	0.868880033	0.174137592	0
611	0.924571395	0.178768069	0
612	0.858784854	0.231542185	0
613	0.912885725	0.237595454	0
614	0.846148133	0.28797096	0
615	0.897976398	0.29551208	0
616	0.830165565	0.34366405	0
617	0.879697442	0.35237807	0
618	0.810714126	0.398554981	0
619	0.858038664	0.40802151	0
620	0.788578451	0.451925099	0
621	0.833289802	0.462075442	0
622	0.764477313	0.50300175	0
623	0.805857658	0.514054298	0
624	0.738124549	0.551982045	0
625	0.775986671	0.563612878	0
626	0.711197138	0.597383916	0
627	0.744387627	0.610061169	0
628	0.684461594	0.637856781	0
629	0.711408615	0.652635217	0
630	-0.668005943	-0.563608527	0
631	-0.330158204	-0.700746894	0
632	-0.379963219	-0.687141418	0
633	-0.428734958	-0.671888471	0
634	-0.476500928	-0.654614091	0
635	-0.523012996	-0.635262012	0
636	-0.567578077	-0.614475012	0
637	-0.608764887	-0.593883216	0
638	-0.643823743	-0.57601136	0
639	-0.681682944	-0.579238832	0
640	-0.70168519	-0.601863205	0
641	-0.726073623	-0.628132939	0
642	-0.756281137	-0.051172681	0
643	-0.756526232	-0.102672614	0
644	-0.755542517	-0.15410307	0
645	-0.752698362	-0.205374286	0
646	-0.747693062	-0.25636667	0
647	-0.740394473	-0.30693692	0
648	-0.730779231	-0.356916845	0
649	-0.718974829	-0.406034827	0
650	-0.705420375	-0.453608394	0
651	-0.691117644	-0.498125136	0
652	-0.677617431	-0.536849558	0
653	-0.689055383	-0.667306423	0
654	-0.648831606	-0.703821182	0
655	-0.605722368	-0.737950444	0
656	-0.560126245	-0.769640267	0
657	-0.512410164	-0.798732162	0
658	-0.462879419	-0.825124085	0
659	-0.411839366	-0.848785758	0
660	-0.359421343	-0.869698286	0
661	-0.66782105	-0.636127412	0
662	-0.629599094	-0.667925119	0
663	-0.587804139	-0.697787046	0
664	-0.543263793	-0.725583911	0
665	-0.496621996	-0.751042247	0
666	-0.448333263	-0.774044275	0
667	-0.398698628	-0.794633329	0
668	-0.347624987	-0.812973142	0
669	-0.652142346	-0.605942488	0
670	-0.616149247	-0.631425381	0
671	-0.575377464	-0.656456709	0
672	-0.531387925	-0.680389345	0
673	-0.485226154	-0.702519178	0
674	-0.437527061	-0.722519636	0
675	-0.388550162	-0.740412235	0
676	-0.338206083	-0.756469727	0
677	-0.323905587	-0.64356035	0
678	-0.318588346	-0.5858863	0
679	-0.313681543	-0.527848065	0
680	-0.308840245	-0.469552577	0
681	-0.30387339	-0.411079943	0
682	-0.298687875	-0.35248673	0
683	-0.293242335	-0.293812454	0
684	-0.287521988	-0.235085756	0
685	-0.281532526	-0.17632921	0
686	-0.275605738	-0.117561221	0
687	-0.271199524	-0.058788806	0
688	-0.374420583	-0.631740153	0
689	-0.370349348	-0.575574517	0
690	-0.366959929	-0.518842459	0
691	-0.363684237	-0.461714298	0
692	-0.36018312	-0.404315829	0
693	-0.356280625	-0.346734911	0
694	-0.35189572	-0.289033234	0
695	-0.347000331	-0.231256261	0
696	-0.341607064	-0.173439711	0
697	-0.335998207	-0.115613103	0
698	-0.331761062	-0.05778762	0
699	-0.424063116	-0.618490934	0
700	-0.421368957	-0.564036608	0
701	-0.419613242	-0.508791029	0
702	-0.41801548	-0.452988267	0
703	-0.416092873	-0.396803737	0
704	-0.413586318	-0.340361476	0
705	-0.410372913	-0.283749342	0
706	-0.406409204	-0.227032274	0
707	-0.401715219	-0.170261264	0
708	-0.396552056	-0.113477647	0
709	-0.392441005	-0.056695581	0
710	-0.472814173	-0.60342741	0
711	-0.471601307	-0.550896823	0
712	-0.47157383	-0.497338116	0
713	-0.471745342	-0.443046123	0
714	-0.471493185	-0.388248771	0
715	-0.470475525	-0.333109647	0
716	-0.468526602	-0.277745456	0
717	-0.465586752	-0.222242624	0
718	-0.461683184	-0.166668415	0
719	-0.457082212	-0.111076035	0
720	-0.453231126	-0.055482149	0
721	-0.520428479	-0.586602151	0
722	-0.520799518	-0.536284685	0
723	-0.522602201	-0.484647512	0
724	-0.524647176	-0.432057977	0
725	-0.526171565	-0.378813207	0
726	-0.526750028	-0.3251279	0
727	-0.526173055	-0.271153867	0
728	-0.524364471	-0.217002034	0
729	-0.521359384	-0.162757427	0
730	-0.517386496	-0.108486712	0
731	-0.514105797	-0.054191075	0
732	-0.566192329	-0.568986416	0
733	-0.568313539	-0.52131927	0
734	-0.57213366	-0.471847564	0
735	-0.576237261	-0.421083421	0
736	-0.57971406	-0.36945346	0
737	-0.582056105	-0.317254514	0
738	-0.583013773	-0.264687091	0
739	-0.582498372	-0.211892307	0
740	-0.580555022	-0.158975542	0
741	-0.577581346	-0.106005564	0
742	-0.574545622	-0.052993275	0
743	-0.60877645	-0.552771449	0
744	-0.613056183	-0.508312225	0
745	-0.619305968	-0.461133122	0
746	-0.625826955	-0.412106872	0
747	-0.631564319	-0.361913234	0
748	-0.635943949	-0.310985446	0
749	-0.638693392	-0.259589314	0
750	-0.639723897	-0.207900926	0
751	-0.639101744	-0.156045884	0
752	-0.637165189	-0.104102887	0
753	-0.635376811	-0.052060828	0
754	-0.646242857	-0.541125	0
755	-0.653795779	-0.500218153	0
756	-0.663282752	-0.455087036	0
757	-0.67281431	-0.407345176	0
758	-0.681274652	-0.358076036	0
759	-0.688081503	-0.307897866	0
760	-0.692978561	-0.25714463	0
761	-0.695905507	-0.206019819	0
762	-0.69696039	-0.154666305	0
763	-0.696595013	-0.103174947	0
764	-0.695708632	-0.051574469	0
765	-0.815866888	-0.052296605	0
766	-0.875329137	-0.054341599	0
767	-0.935649514	-0.057033911	0
768	-0.814727068	-0.104933135	0
769	-0.872701347	-0.108855955	0
770	-0.931552887	-0.114117742	0
771	-0.811802447	-0.157452196	0
772	-0.867757797	-0.163181007	0
773	-0.924547791	-0.170892462	0
774	-0.806694269	-0.209724441	0
775	-0.860239804	-0.217142165	0
776	-0.914508224	-0.227132022	0
777	-0.799160242	-0.261605501	0
778	-0.849984825	-0.270566344	0
779	-0.901376605	-0.282629132	0
780	-0.789074242	-0.312937737	0
781	-0.836909354	-0.323277712	0
782	-0.885144293	-0.337186277	0
783	-0.776392221	-0.363550603	0
784	-0.820985258	-0.375093818	0
785	-0.865833223	-0.390606493	0
786	-0.761175394	-0.41316539	0
787	-0.802236915	-0.425740123	0
788	-0.843495965	-0.442642659	0
789	-0.74366653	-0.461117446	0
790	-0.78078568	-0.474685073	0
791	-0.818243027	-0.492914796	0
792	-0.724388003	-0.506129682	0
793	-0.756864905	-0.521057308	0
794	-0.790261984	-0.540866554	0
795	-0.703753948	-0.546349645	0
796	-0.73057735	-0.563749552	0
797	-0.759639144	-0.58593297	0
798	0.644155085	-0.658945918	0
799	-0.232806534	-0.785210967	0
800	-0.17807202	-0.797069907	0
801	-0.122595251	-0.807002783	0
802	-0.066667989	-0.814604223	0
803	-0.010444755	-0.819586635	0
804	0.045933414	-0.821776211	0
805	0.102314293	-0.821079075	0
806	0.158534005	-0.817447007	0
807	0.214419082	-0.810856462	0
808	0.269787014	-0.80129981	0
809	0.324445724	-0.788789272	0
810	0.378191799	-0.773377895	0
811	0.430791676	-0.75521481	0
812	0.481874347	-0.734675407	0
813	0.530714035	-0.71257329	0
814	0.576190829	-0.690604806	0
815	0.615907669	-0.671332359	0
816	0.656900406	-0.630854964	0
817	0.676683009	-0.592412114	0
818	0.699558616	-0.547889829	0
819	0.722871125	-0.499422908	0
820	0.74488318	-0.448326498	0
821	0.764619112	-0.395396441	0
822	0.78162837	-0.341107458	0
823	0.795737267	-0.28576985	0
824	0.806924462	-0.229614586	0
825	0.815320551	-0.172825843	0
826	0.82116437	-0.115559287	0
827	0.824424386	-0.057970472	0
828	0.678088903	-0.687768102	0
829	0.657405496	-0.669695854	0
830	0.768169284	-0.057987861	0
831	0.711619496	-0.058770187	0
832	0.654780984	-0.059937649	0
833	0.597689748	-0.061207466	0
834	0.54039216	-0.062409569	0
835	0.48293221	-0.063455068	0
836	0.425347716	-0.064301863	0
837	0.36766997	-0.064930998	0
838	0.309925646	-0.065334424	0
839	0.252140224	-0.06550917	0
840	0.194343805	-0.065454327	0
841	0.136587605	-0.065169767	0
842	0.078997307	-0.064655468	0
843	0.021478422	-0.063922919	0
844	-0.036019869	-0.062989846	0
845	-0.093731135	-0.061909061	0
846	-0.152224809	-0.060804386	0
847	0.765334427	-0.115846656	0
848	0.709129453	-0.117401339	0
849	0.652500868	-0.119647324	0
850	0.595498562	-0.122114904	0
851	0.53819108	-0.124485552	0
852	0.480641872	-0.126571029	0
853	0.422905087	-0.12827225	0
854	0.365026236	-0.129542664	0
855	0.307044476	-0.130363151	0
856	0.248995319	-0.13072744	0
857	0.190914124	-0.130634815	0
858	0.13284421	-0.130087912	0
859	0.074863866	-0.129092827	0
860	0.016946176	-0.127667516	0
861	-0.040922474	-0.125846565	0
862	-0.098888636	-0.123732984	0
863	-0.157345504	-0.121562302	0
864	0.760287285	-0.173465014	0
865	0.704617441	-0.175851434	0
866	0.648337364	-0.179207042	0
867	0.591534495	-0.182882488	0
868	0.534306526	-0.186422691	0
869	0.476741165	-0.189548716	0
870	0.418913007	-0.192108303	0
871	0.360885024	-0.194027364	0
872	0.302711844	-0.195274457	0
873	0.244442299	-0.195838735	0
874	0.186122105	-0.195718884	0
875	0.127797544	-0.194919497	0
876	0.069526017	-0.193452016	0
877	0.011325196	-0.191342115	0
878	-0.046794664	-0.188642904	0
879	-0.104941636	-0.1855122	0
880	-0.16340211	-0.182291657	0
881	0.752816975	-0.230688125	0
882	0.697843492	-0.233964264	0
883	0.642063439	-0.238467783	0
884	0.585599244	-0.243375629	0
885	0.528579712	-0.248102918	0
886	0.471119285	-0.252285004	0
887	0.41331473	-0.255719036	0
888	0.355248272	-0.258304119	0
889	0.296991378	-0.259996206	0
890	0.238607645	-0.26077947	0
891	0.180155724	-0.260651559	0
892	0.121691093	-0.2596187	0
893	0.063269906	-0.257696986	0
894	0.004931302	-0.254921108	0
895	-0.053298969	-0.251363486	0
896	-0.111498237	-0.247237533	0
897	-0.169870883	-0.242986441	0
898	0.74272716	-0.287358493	0
899	0.688619077	-0.291586101	0
900	0.633501053	-0.297284156	0
901	0.577530801	-0.303460777	0
902	0.520869851	-0.309405684	0
903	0.463660359	-0.314671814	0
904	0.406022608	-0.319007635	0
905	0.348058879	-0.322286308	0
906	0.289857924	-0.324451327	0
907	0.231498882	-0.325481802	0
908	0.173054308	-0.325374186	0
909	0.114591621	-0.324136138	0
910	0.056174241	-0.321788311	0
911	-0.002145705	-0.318374753	0
912	-0.060332358	-0.313987821	0
913	-0.118432172	-0.308895588	0
914	-0.176562607	-0.303636551	0
915	0.729898214	-0.343300402	0
916	0.676823914	-0.348551005	0
917	0.622531712	-0.355501413	0
918	0.567216992	-0.362995207	0
919	0.511074483	-0.370200396	0
920	0.454274535	-0.376590431	0
921	0.396961063	-0.381866693	0
922	0.339256525	-0.385877252	0
923	0.281267405	-0.38855347	0
924	0.223088592	-0.389869511	0
925	0.164806873	-0.389820606	0
926	0.106502607	-0.388415813	0
927	0.048249669	-0.385680199	0
928	-0.009889179	-0.381667435	0
929	-0.067870542	-0.376490086	0
930	-0.12570785	-0.370468944	0
931	-0.183421969	-0.364228487	0
932	0.714309394	-0.39830327	0
933	0.662418365	-0.404665351	0
934	0.609108865	-0.412940711	0
935	0.55461061	-0.421813607	0
936	0.499149323	-0.430334866	0
937	0.442922175	-0.437901169	0
938	0.386096299	-0.444168746	0
939	0.328814149	-0.448961377	0
940	0.271199733	-0.452198863	0
941	0.213363826	-0.453850508	0
942	0.155407578	-0.453910351	0
943	0.097424559	-0.452388942	0
944	0.039500229	-0.449315608	0
945	-0.018292582	-0.444753706	0
946	-0.075903915	-0.438836336	0
947	-0.133311436	-0.431933731	0
948	-0.190430507	-0.424743176	0
949	0.696109474	-0.452075362	0
950	0.645552099	-0.459653229	0
951	0.593385577	-0.469341636	0
952	0.539864361	-0.479671538	0
953	0.485243171	-0.489580691	0
954	0.429746389	-0.498392045	0
955	0.37356472	-0.50571847	0
956	0.316860855	-0.511360347	0
957	0.259776413	-0.515226364	0
958	0.202437982	-0.517280817	0
959	0.144961193	-0.517516792	0
960	0.087452918	-0.51594609	0
961	0.030010607	-0.512602448	0
962	-0.027282946	-0.507559061	0
963	-0.08437153	-0.50096935	0
964	-0.141194284	-0.493248433	0
965	-0.197558463	-0.485149741	0
966	0.675875187	-0.504114151	0
967	0.626893699	-0.513012648	0
968	0.576068759	-0.524221838	0
969	0.523683369	-0.536114872	0
970	0.470037252	-0.547514737	0
971	0.41539371	-0.557671547	0
972	0.359972924	-0.56615597	0
973	0.303960204	-0.572746277	0
974	0.247515783	-0.577339947	0
975	0.190782249	-0.579896808	0
976	0.133889899	-0.580408633	0
977	0.076959014	-0.578888774	0
978	0.02009913	-0.575375319	0
979	-0.036596812	-0.569950998	0
980	-0.093066245	-0.562789559	0
981	-0.149211109	-0.554347098	0
982	-0.204733759	-0.545403659	0
983	0.655001044	-0.553519547	0
984	0.608046532	-0.563854218	0
985	0.558812201	-0.576751232	0
986	0.507685423	-0.590383708	0
987	0.455073357	-0.603444576	0
988	0.401313275	-0.615109205	0
989	0.346669674	-0.624909043	0
990	0.291355878	-0.63260293	0
991	0.235552192	-0.638078988	0
992	0.179417863	-0.641293168	0
993	0.123097897	-0.642236412	0
994	0.066726074	-0.640923679	0
995	0.010424285	-0.637397408	0
996	-0.04570394	-0.631749332	0
997	-0.101591513	-0.624176145	0
998	-0.157103777	-0.615160465	0
999	-0.211846486	-0.605460405	0
1000	0.635970235	-0.598981619	0
1001	0.59164083	-0.610977054	0
1002	0.544175267	-0.625874043	0
1003	0.494288236	-0.641555369	0
1004	0.442609757	-0.656558037	0
1005	0.389601767	-0.669984877	0
1006	0.335590184	-0.681337714	0
1007	0.280819535	-0.690364242	0
1008	0.225490242	-0.696948528	0
1009	0.169777557	-0.701045275	0
1010	0.113840915	-0.702646077	0
1011	0.057827599	-0.701767802	0
1012	0.001872238	-0.698456943	0
1013	-0.053911258	-0.692816257	0
1014	-0.109448999	-0.685060143	0
1015	-0.16456306	-0.675665677	0
1016	-0.218775481	-0.665297568	0
1017	0.62200439	-0.638771236	0
1018	0.580721974	-0.653166056	0
1019	0.534876823	-0.670690238	0
1020	0.485944957	-0.688938379	0
1021	0.43487829	-0.706301689	0
1022	0.382298678	-0.721843123	0
1023	0.328597546	-0.735062659	0
1024	0.274043679	-0.745716274	0
1025	0.218851268	-0.75369513	0
1026	0.16320838	-0.75895834	0
1027	0.107287526	-0.761500657	0
1028	0.051249292	-0.761341989	0
1029	-0.004758454	-0.758533716	0
1030	-0.060607564	-0.753185868	0
1031	-0.11620149	-0.745512426	0
1032	-0.17128934	-0.735928774	0
1033	-0.225485742	-0.724934459	0
1034	-0.239323631	-0.844686747	0
1035	-0.247893721	-0.904415727	0
1036	-0.183407351	-0.856997252	0
1037	-0.190237299	-0.917415142	0
1038	-0.126776278	-0.866881192	0
1039	-0.13163875	-0.927457273	0
1040	-0.069652736	-0.874049366	0
1041	-0.072448529	-0.934295416	0
1042	-0.012227423	-0.878286302	0
1043	-0.012938324	-0.937781751	0
1044	0.04532136	-0.879456997	0
1045	0.046653666	-0.937833667	0
1046	0.10281381	-0.877486765	0
1047	0.106102556	-0.934413552	0
1048	0.160064757	-0.872339606	0
1049	0.165188223	-0.92751497	0
1050	0.216883302	-0.864002883	0
1051	0.223692209	-0.917152941	0
1052	0.273073196	-0.852480054	0
1053	0.281397164	-0.903360009	0
1054	0.328433245	-0.837792397	0
1055	0.338087291	-0.886185706	0
1056	0.382759005	-0.819991767	0
1057	0.393550009	-0.865702748	0
1058	0.435821235	-0.799201369	0
1059	0.447556466	-0.842030644	0
1060	0.487260908	-0.77571696	0
1061	0.499789119	-0.815395474	0
1062	0.536426842	-0.750128746	0
1063	0.549746156	-0.786192358	0
1064	0.582412243	-0.723512888	0
1065	0.596769452	-0.755039752	0
1066	0.623607159	-0.696854472	0
1067	0.639944911	-0.722442865	0
1068	0.713488221	-0.64925611	0
1069	0.746750355	-0.606818676	0
1070	0.778338611	-0.560802519	0
1071	0.807958305	-0.511788368	0
1072	0.835148573	-0.460330129	0
1073	0.859527528	-0.406878293	0
1074	0.880835056	-0.351786464	0
1075	0.898908257	-0.295342237	0
1076	0.913666844	-0.237791002	0
1077	0.925133944	-0.179345056	0
1078	0.933348656	-0.120193563	0
1079	0.938180685	-0.060461171	0
1080	0.685220957	-0.636066556	0
1081	0.71235162	-0.596156597	0
1082	0.739372253	-0.551416516	0
1083	0.765467465	-0.503119946	0
1084	0.789741993	-0.452204853	0
1085	0.811556399	-0.399318576	0
1086	0.830535352	-0.34490326	0
1087	0.846489191	-0.289277494	0
1088	0.859368563	-0.232688129	0
1089	0.869277477	-0.17533502	0
1090	0.876287997	-0.117395394	0
1091	0.880333543	-0.059007771	0
1	1	0	0	0	0	0	-1.00E+00
2	1	0	0	0	0	0	-1.00E+00
3	1	0	0	0	0	0	-1.00E+00
4	1	0	0	0	0	0	-1.00E+00
5	1	0	0	0	0	0	-1.00E+00
6	1	0	0	0	0	0	-1.00E+00
7	1	0	0	0	0	0	-1.00E+00
8	1	0	0	0	0	0	-1.00E+00
9	1	0	0	0	0	0	-1.00E+00
10	1	0	0	0	0	0	-1.00E+00
11	1	0	0	0	0	0	-1.00E+00
12	1	0	0	0	0	0	-1.00E+00
13	1	0	0	0	0	0	-1.00E+00
14	1	0	0	0	0	0	-1.00E+00
15	1	0	0	0	0	0	-1.00E+00
16	1	0	0	0	0	0	-1.00E+00
17	1	0	0	0	0	0	-1.00E+00
18	1	0	0	0	0	0	-1.00E+00
19	1	0	0	0	0	0	-1.00E+00
20	1	0	0	0	0	0	-1.00E+00
21	1	0	0	0	0	0	-1.00E+00
22	1	0	0	0	0	0	-1.00E+00
23	1	0	0	0	0	0	-1.00E+00
24	1	0	0	0	0	0	-1.00E+00
25	1	0	0	0	0	0	-1.00E+00
26	1	0	0	0	0	0	-1.00E+00
27	1	0	0	0	0	0	-1.00E+00
28	1	0	0	0	0	0	-1.00E+00
29	1	0	0	0	0	0	-1.00E+00
30	1	0	0	0	0	0	-1.00E+00
31	1	0	0	0	0	0	-1.00E+00
32	1	0	0	0	0	0	-1.00E+00
33	1	0	0	0	0	0	-1.00E+00
34	1	0	0	0	0	0	-1.00E+00
35	1	0	0	0	0	0	-1.00E+00
36	1	0	0	0	0	0	-1.00E+00
37	1	0	0	0	0	0	-1.00E+00
38	1	0	0	0	0	0	-1.00E+00
39	1	0	0	0	0	0	-1.00E+00
40	1	0	0	0	0	0	-1.00E+00
41	1	0	0	0	0	0	-1.00E+00
42	1	0	0	0	0	0	-1.00E+00
43	1	0	0	0	0	0	-1.00E+00
44	1	0	0	0	0	0	-1.00E+00
45	1	0	0	0	0	0	-1.00E+00
46	1	0	0	0	0	0	-1.00E+00
47	1	0	0	0	0	0	-1.00E+00
48	1	0	0	0	0	0	-1.00E+00
49	1	0	0	0	0	0	-1.00E+00
50	1	0	0	0	0	0	-1.00E+00
51	1	0	0	0	0	0	-1.00E+00
52	1	0	0	0	0	0	-1.00E+00
53	1	0	0	0	0	0	-1.00E+00
54	1	0	0	0	0	0	-1.00E+00
55	1	0	0	0	0	0	-1.00E+00
56	1	0	0	0	0	0	-1.00E+00
57	1	0	0	0	0	0	-1.00E+00
58	1	0	0	0	0	0	-1.00E+00
59	1	0	0	0	0	0	-1.00E+00
60	1	0	0	0	0	0	-1.00E+00
61	1	0	0	0	0	0	-1.00E+00
62	1	0	0	0	0	0	-1.00E+00
63	1	0	0	0	0	0	-1.00E+00
64	1	0	0	0	0	0	-1.00E+00
65	1	0	0	0	0	0	-1.00E+00
66	1	0	0	0	0	0	-1.00E+00
67	1	0	0	0	0	0	-1.00E+00
68	1	0	0	0	0	0	-1.00E+00
69	1	0	0	0	0	0	-1.00E+00
70	1	0	0	0	0	0	-1.00E+00
71	1	0	0	0	0	0	-1.00E+00
72	1	0	0	0	0	0	-1.00E+00
73	1	0	0	0	0	0	-1.00E+00
74	1	0	0	0	0	0	-1.00E+00
75	1	0	0	0	0	0	-1.00E+00
76	1	0	0	0	0	0	-1.00E+00
77	1	0	0	0	0	0	-1.00E+00
78	1	0	0	0	0	0	-1.00E+00
79	1	0	0	0	0	0	-1.00E+00
80	1	0	0	0	0	0	-1.00E+00
81	1	0	0	0	0	0	-1.00E+00
82	1	0	0	0	0	0	-1.00E+00
83	1	0	0	0	0	0	-1.00E+00
84	1	0	0	0	0	0	-1.00E+00
85	1	0	0	0	0	0	-1.00E+00
86	1	0	0	0	0	0	-1.00E+00
87	1	0	0	0	0	0	-1.00E+00
88	1	0	0	0	0	0	-1.00E+00
89	1	0	0	0	0	0	-1.00E+00
90	1	0	0	0	0	0	-1.00E+00
91	1	0	0	0	0	0	-1.00E+00
92	1	0	0	0	0	0	-1.00E+00
93	1	0	0	0	0	0	-1.00E+00
94	1	0	0	0	0	0	-1.00E+00
95	1	0	0	0	0	0	-1.00E+00
96	1	0	0	0	0	0	-1.00E+00
97	1	0	0	0	0	0	-1.00E+00
98	1	0	0	0	0	0	-1.00E+00
99	1	0	0	0	0	0	-1.00E+00
100	1	0	0	0	0	0	-1.00E+00
101	1	0	0	0	0	0	-1.00E+00
102	1	0	0	0	0	0	-1.00E+00
103	1	0	0	0	0	0	-1.00E+00
104	1	0	0	0	0	0	-1.00E+00
105	1	0	0	0	0	0	-1.00E+00
106	1	0	0	0	0	0	-1.00E+00
107	1	0	0	0	0	0	-1.00E+00
108	1	0	0	0	0	0	-1.00E+00
109	1	0	0	0	0	0	-1.00E+00
110	1	0	0	0	0	0	-1.00E+00
111	1	0	0	0	0	0	-1.00E+00
112	1	0	0	0	0	0	-1.00E+00
113	1	0	0	0	0	0	-1.00E+00
114	1	0	0	0	0	0	-1.00E+00
115	1	0	0	0	0	0	-1.00E+00
116	1	0	0	0	0	0	-1.00E+00
117	1	0	0	0	0	0	-1.00E+00
118	1	0	0	0	0	0	-1.00E+00
119	1	0	0	0	0	0	-1.00E+00
120	1	0	0	0	0	0	-1.00E+00
121	1	0	0	0	0	0	-1.00E+00
122	1	0	0	0	0	0	-1.00E+00
123	1	0	0	0	0	0	-1.00E+00
124	1	0	0	0	0	0	-1.00E+00
125	1	0	0	0	0	0	-1.00E+00
126	1	0	0	0	0	0	-1.00E+00
127	1	0	0	0	0	0	-1.00E+00
128	1	0	0	0	0	0	-1.00E+00
129	1	0	0	0	0	0	-1.00E+00
130	1	0	0	0	0	0	-1.00E+00
131	1	0	0	0	0	0	-1.00E+00
132	1	0	0	0	0	0	-1.00E+00
133	1	0	0	0	0	0	-1.00E+00
134	1	0	0	0	0	0	-1.00E+00
135	1	0	0	0	0	0	-1.00E+00
136	1	0	0	0	0	0	-1.00E+00
137	1	0	0	0	0	0	-1.00E+00
138	1	0	0	0	0	0	-1.00E+00
139	1	0	0	0	0	0	-1.00E+00
140	1	0	0	0	0	0	-1.00E+00
141	1	0	0	0	0	0	-1.00E+00
142	1	0	0	0	0	0	-1.00E+00
143	1	0	0	0	0	0	-1.00E+00
144	1	0	0	0	0	0	-1.00E+00
145	1	0	0	0	0	0	-1.00E+00
146	1	0	0	0	0	0	-1.00E+00
147	1	0	0	0	0	0	-1.00E+00
148	1	0	0	0	0	0	-1.00E+00
149	1	0	0	0	0	0	-1.00E+00
150	1	0	0	0	0	0	-1.00E+00
151	1	0	0	0	0	0	-1.00E+00
152	1	0	0	0	0	0	-1.00E+00
153	1	0	0	0	0	0	-1.00E+00
154	1	0	0	0	0	0	-1.00E+00
155	1	0	0	0	0	0	-1.00E+00
156	1	0	0	0	0	0	-1.00E+00
157	1	0	0	0	0	0	-1.00E+00
158	1	0	0	0	0	0	-1.00E+00
159	1	0	0	0	0	0	-1.00E+00
160	1	0	0	0	0	0	-1.00E+00
161	1	0	0	0	0	0	-1.00E+00
162	1	0	0	0	0	0	-1.00E+00
163	1	0	0	0	0	0	-1.00E+00
164	1	0	0	0	0	0	-1.00E+00
165	1	0	0	0	0	0	-1.00E+00
166	1	0	0	0	0	0	-1.00E+00
167	1	0	0	0	0	0	-1.00E+00
168	1	0	0	0	0	0	-1.00E+00
169	1	0	0	0	0	0	-1.00E+00
170	1	0	0	0	0	0	-1.00E+00
171	1	0	0	0	0	0	-1.00E+00
172	1	0	0	0	0	0	-1.00E+00
173	1	0	0	0	0	0	-1.00E+00
174	1	0	0	0	0	0	-1.00E+00
175	1	0	0	0	0	0	-1.00E+00
176	1	0	0	0	0	0	-1.00E+00
177	1	0	0	0	0	0	-1.00E+00
178	1	0	0	0	0	0	-1.00E+00
179	1	0	0	0	0	0	-1.00E+00
180	1	0	0	0	0	0	-1.00E+00
181	1	0	0	0	0	0	-1.00E+00
182	1	0	0	0	0	0	-1.00E+00
183	1	0	0	0	0	0	-1.00E+00
184	1	0	0	0	0	0	-1.00E+00
185	1	0	0	0	0	0	-1.00E+00
186	1	0	0	0	0	0	-1.00E+00
187	1	0	0	0	0	0	-1.00E+00
188	1	0	0	0	0	0	-1.00E+00
189	1	0	0	0	0	0	-1.00E+00
190	1	0	0	0	0	0	-1.00E+00
191	1	0	0	0	0	0	-1.00E+00
192	1	0	0	0	0	0	-1.00E+00
193	1	0	0	0	0	0	-1.00E+00
194	1	0	0	0	0	0	-1.00E+00
195	1	0	0	0	0	0	-1.00E+00
196	1	0	0	0	0	0	-1.00E+00
197	1	0	0	0	0	0	-1.00E+00
198	1	0	0	0	0	0	-1.00E+00
199	1	0	0	0	0	0	-1.00E+00
200	1	0	0	0	0	0	-1.00E+00
201	1	0	0	0	0	0	-1.00E+00
202	1	0	0	0	0	0	-1.00E+00
203	1	0	0	0	0	0	-1.00E+00
204	1	0	0	0	0	0	-1.00E+00
205	1	0	0	0	0	0	-1.00E+00
206	1	0	0	0	0	0	-1.00E+00
207	1	0	0	0	0	0	-1.00E+00
208	1	0	0	0	0	0	-1.00E+00
209	1	0	0	0	0	0	-1.00E+00
210	1	0	0	0	0	0	-1.00E+00
211	1	0	0	0	0	0	-1.00E+00
212	1	0	0	0	0	0	-1.00E+00
213	1	0	0	0	0	0	-1.00E+00
214	1	0	0	0	0	0	-1.00E+00
215	1	0	0	0	0	0	-1.00E+00
216	1	0	0	0	0	0	-1.00E+00
217	1	0	0	0	0	0	-1.00E+00
218	1	0	0	0	0	0	-1.00E+00
219	1	0	0	0	0	0	-1.00E+00
220	1	0	0	0	0	0	-1.00E+00
221	1	0	0	0	0	0	-1.00E+00
222	1	0	0	0	0	0	-1.00E+00
223	1	0	0	0	0	0	-1.00E+00
224	1	0	0	0	0	0	-1.00E+00
225	1	0	0	0	0	0	-1.00E+00
226	1	0	0	0	0	0	-1.00E+00
227	1	0	0	0	0	0	-1.00E+00
228	1	0	0	0	0	0	-1.00E+00
229	1	0	0	0	0	0	-1.00E+00
230	1	0	0	0	0	0	-1.00E+00
231	1	0	0	0	0	0	-1.00E+00
232	1	0	0	0	0	0	-1.00E+00
233	1	0	0	0	0	0	-1.00E+00
234	1	0	0	0	0	0	-1.00E+00
235	1	0	0	0	0	0	-1.00E+00
236	1	0	0	0	0	0	-1.00E+00
237	1	0	0	0	0	0	-1.00E+00
238	1	0	0	0	0	0	-1.00E+00
239	1	0	0	0	0	0	-1.00E+00
240	1	0	0	0	0	0	-1.00E+00
241	1	0	0	0	0	0	-1.00E+00
242	1	0	0	0	0	0	-1.00E+00
243	1	0	0	0	0	0	-1.00E+00
244	1	0	0	0	0	0	-1.00E+00
245	1	0	0	0	0	0	-1.00E+00
246	1	0	0	0	0	0	-1.00E+00
247	1	0	0	0	0	0	-1.00E+00
248	1	0	0	0	0	0	-1.00E+00
249	1	0	0	0	0	0	-1.00E+00
250	1	0	0	0	0	0	-1.00E+00
251	1	0	0	0	0	0	-1.00E+00
252	1	0	0	0	0	0	-1.00E+00
253	1	0	0	0	0	0	-1.00E+00
254	1	0	0	0	0	0	-1.00E+00
255	1	0	0	0	0	0	-1.00E+00
256	1	0	0	0	0	0	-1.00E+00
257	1	0	0	0	0	0	-1.00E+00
258	1	0	0	0	0	0	-1.00E+00
259	1	0	0	0	0	0	-1.00E+00
260	1	0	0	0	0	0	-1.00E+00
261	1	0	0	0	0	0	-1.00E+00
262	1	0	0	0	0	0	-1.00E+00
263	1	0	0	0	0	0	-1.00E+00
264	1	0	0	0	0	0	-1.00E+00
265	1	0	0	0	0	0	-1.00E+00
266	1	0	0	0	0	0	-1.00E+00
267	1	0	0	0	0	0	-1.00E+00
268	1	0	0	0	0	0	-1.00E+00
269	1	0	0	0	0	0	-1.00E+00
270	1	0	0	0	0	0	-1.00E+00
271	1	0	0	0	0	0	-1.00E+00
272	1	0	0	0	0	0	-1.00E+00
273	1	0	0	0	0	0	-1.00E+00
274	1	0	0	0	0	0	-1.00E+00
275	1	0	0	0	0	0	-1.00E+00
276	1	0	0	0	0	0	-1.00E+00
277	1	0	0	0	0	0	-1.00E+00
278	1	0	0	0	0	0	-1.00E+00
279	1	0	0	0	0	0	-1.00E+00
280	1	0	0	0	0	0	-1.00E+00
281	1	0	0	0	0	0	-1.00E+00
282	1	0	0	0	0	0	-1.00E+00
283	1	0	0	0	0	0	-1.00E+00
284	1	0	0	0	0	0	-1.00E+00
285	1	0	0	0	0	0	-1.00E+00
286	1	0	0	0	0	0	-1.00E+00
287	1	0	0	0	0	0	-1.00E+00
288	1	0	0	0	0	0	-1.00E+00
289	1	0	0	0	0	0	-1.00E+00
290	1	0	0	0	0	0	-1.00E+00
291	1	0	0	0	0	0	-1.00E+00
292	1	0	0	0	0	0	-1.00E+00
293	1	0	0	0	0	0	-1.00E+00
294	1	0	0	0	0	0	-1.00E+00
295	1	0	0	0	0	0	-1.00E+00
296	1	0	0	0	0	0	-1.00E+00
297	1	0	0	0	0	0	-1.00E+00
298	1	0	0	0	0	0	-1.00E+00
299	1	0	0	0	0	0	-1.00E+00
300	1	0	0	0	0	0	-1.00E+00
301	1	0	0	0	0	0	-1.00E+00
302	1	0	0	0	0	0	-1.00E+00
303	1	0	0	0	0	0	-1.00E+00
304	1	0	0	0	0	0	-1.00E+00
305	1	0	0	0	0	0	-1.00E+00
306	1	0	0	0	0	0	-1.00E+00
307	1	0	0	0	0	0	-1.00E+00
308	1	0	0	0	0	0	-1.00E+00
309	1	0	0	0	0	0	-1.00E+00
310	1	0	0	0	0	0	-1.00E+00
311	1	0	0	0	0	0	-1.00E+00
312	1	0	0	0	0	0	-1.00E+00
313	1	0	0	0	0	0	-1.00E+00
314	1	0	0	0	0	0	-1.00E+00
315	1	0	0	0	0	0	-1.00E+00
316	1	0	0	0	0	0	-1.00E+00
317	1	0	0	0	0	0	-1.00E+00
318	1	0	0	0	0	0	-1.00E+00
319	1	0	0	0	0	0	-1.00E+00
320	1	0	0	0	0	0	-1.00E+00
321	1	0	0	0	0	0	-1.00E+00
322	1	0	0	0	0	0	-1.00E+00
323	1	0	0	0	0	0	-1.00E+00
324	1	0	0	0	0	0	-1.00E+00
325	1	0	0	0	0	0	-1.00E+00
326	1	0	0	0	0	0	-1.00E+00
327	1	0	0	0	0	0	-1.00E+00
328	1	0	0	0	0	0	-1.00E+00
329	1	0	0	0	0	0	-1.00E+00
330	1	0	0	0	0	0	-1.00E+00
331	1	0	0	0	0	0	-1.00E+00
332	1	0	0	0	0	0	-1.00E+00
333	1	0	0	0	0	0	-1.00E+00
334	1	0	0	0	0	0	-1.00E+00
335	1	0	0	0	0	0	-1.00E+00
336	1	0	0	0	0	0	-1.00E+00
337	1	0	0	0	0	0	-1.00E+00
338	1	0	0	0	0	0	-1.00E+00
339	1	0	0	0	0	0	-1.00E+00
340	1	0	0	0	0	0	-1.00E+00
341	1	0	0	0	0	0	-1.00E+00
342	1	0	0	0	0	0	-1.00E+00
343	1	0	0	0	0	0	-1.00E+00
344	1	0	0	0	0	0	-1.00E+00
345	1	0	0	0	0	0	-1.00E+00
346	1	0	0	0	0	0	-1.00E+00
347	1	0	0	0	0	0	-1.00E+00
348	1	0	0	0	0	0	-1.00E+00
349	1	0	0	0	0	0	-1.00E+00
350	1	0	0	0	0	0	-1.00E+00
351	1	0	0	0	0	0	-1.00E+00
352	1	0	0	0	0	0	-1.00E+00
353	1	0	0	0	0	0	-1.00E+00
354	1	0	0	0	0	0	-1.00E+00
355	1	0	0	0	0	0	-1.00E+00
356	1	0	0	0	0	0	-1.00E+00
357	1	0	0	0	0	0	-1.00E+00
358	1	0	0	0	0	0	-1.00E+00
359	1	0	0	0	0	0	-1.00E+00
360	1	0	0	0	0	0	-1.00E+00
361	1	0	0	0	0	0	-1.00E+00
362	1	0	0	0	0	0	-1.00E+00
363	1	0	0	0	0	0	-1.00E+00
364	1	0	0	0	0	0	-1.00E+00
365	1	0	0	0	0	0	-1.00E+00
366	1	0	0	0	0	0	-1.00E+00
367	1	0	0	0	0	0	-1.00E+00
368	1	0	0	0	0	0	-1.00E+00
369	1	0	0	0	0	0	-1.00E+00
370	1	0	0	0	0	0	-1.00E+00
371	1	0	0	0	0	0	-1.00E+00
372	1	0	0	0	0	0	-1.00E+00
373	1	0	0	0	0	0	-1.00E+00
374	1	0	0	0	0	0	-1.00E+00
375	1	0	0	0	0	0	-1.00E+00
376	1	0	0	0	0	0	-1.00E+00
377	1	0	0	0	0	0	-1.00E+00
378	1	0	0	0	0	0	-1.00E+00
379	1	0	0	0	0	0	-1.00E+00
380	1	0	0	0	0	0	-1.00E+00
381	1	0	0	0	0	0	-1.00E+00
382	1	0	0	0	0	0	-1.00E+00
383	1	0	0	0	0	0	-1.00E+00
384	1	0	0	0	0	0	-1.00E+00
385	1	0	0	0	0	0	-1.00E+00
386	1	0	0	0	0	0	-1.00E+00
387	1	0	0	0	0	0	-1.00E+00
388	1	0	0	0	0	0	-1.00E+00
389	1	0	0	0	0	0	-1.00E+00
390	1	0	0	0	0	0	-1.00E+00
391	1	0	0	0	0	0	-1.00E+00
392	1	0	0	0	0	0	-1.00E+00
393	1	0	0	0	0	0	-1.00E+00
394	1	0	0	0	0	0	-1.00E+00
395	1	0	0	0	0	0	-1.00E+00
396	1	0	0	0	0	0	-1.00E+00
397	1	0	0	0	0	0	-1.00E+00
398	1	0	0	0	0	0	-1.00E+00
399	1	0	0	0	0	0	-1.00E+00
400	1	0	0	0	0	0	-1.00E+00
401	1	0	0	0	0	0	-1.00E+00
402	1	0	0	0	0	0	-1.00E+00
403	1	0	0	0	0	0	-1.00E+00
404	1	0	0	0	0	0	-1.00E+00
405	1	0	0	0	0	0	-1.00E+00
406	1	0	0	0	0	0	-1.00E+00
407	1	0	0	0	0	0	-1.00E+00
408	1	0	0	0	0	0	-1.00E+00
409	1	0	0	0	0	0	-1.00E+00
410	1	0	0	0	0	0	-1.00E+00
411	1	0	0	0	0	0	-1.00E+00
412	1	0	0	0	0	0	-1.00E+00
413	1	0	0	0	0	0	-1.00E+00
414	1	0	0	0	0	0	-1.00E+00
415	1	0	0	0	0	0	-1.00E+00
416	1	0	0	0	0	0	-1.00E+00
417	1	0	0	0	0	0	-1.00E+00
418	1	0	0	0	0	0	-1.00E+00
419	1	0	0	0	0	0	-1.00E+00
420	1	0	0	0	0	0	-1.00E+00
421	1	0	0	0	0	0	-1.00E+00
422	1	0	0	0	0	0	-1.00E+00
423	1	0	0	0	0	0	-1.00E+00
424	1	0	0	0	0	0	-1.00E+00
425	1	0	0	0	0	0	-1.00E+00
426	1	0	0	0	0	0	-1.00E+00
427	1	0	0	0	0	0	-1.00E+00
428	1	0	0	0	0	0	-1.00E+00
429	1	0	0	0	0	0	-1.00E+00
430	1	0	0	0	0	0	-1.00E+00
431	1	0	0	0	0	0	-1.00E+00
432	1	0	0	0	0	0	-1.00E+00
433	1	0	0	0	0	0	-1.00E+00
434	1	0	0	0	0	0	-1.00E+00
435	1	0	0	0	0	0	-1.00E+00
436	1	0	0	0	0	0	-1.00E+00
437	1	0	0	0	0	0	-1.00E+00
438	1	0	0	0	0	0	-1.00E+00
439	1	0	0	0	0	0	-1.00E+00
440	1	0	0	0	0	0	-1.00E+00
441	1	0	0	0	0	0	-1.00E+00
442	1	0	0	0	0	0	-1.00E+00
443	1	0	0	0	0	0	-1.00E+00
444	1	0	0	0	0	0	-1.00E+00
445	1	0	0	0	0	0	-1.00E+00
446	1	0	0	0	0	0	-1.00E+00
447	1	0	0	0	0	0	-1.00E+00
448	1	0	0	0	0	0	-1.00E+00
449	1	0	0	0	0	0	-1.00E+00
450	1	0	0	0	0	0	-1.00E+00
451	1	0	0	0	0	0	-1.00E+00
452	1	0	0	0	0	0	-1.00E+00
453	1	0	0	0	0	0	-1.00E+00
454	1	0	0	0	0	0	-1.00E+00
455	1	0	0	0	0	0	-1.00E+00
456	1	0	0	0	0	0	-1.00E+00
457	1	0	0	0	0	0	-1.00E+00
458	1	0	0	0	0	0	-1.00E+00
459	1	0	0	0	0	0	-1.00E+00
460	1	0	0	0	0	0	-1.00E+00
461	1	0	0	0	0	0	-1.00E+00
462	1	0	0	0	0	0	-1.00E+00
463	1	0	0	0	0	0	-1.00E+00
464	1	0	0	0	0	0	-1.00E+00
465	1	0	0	0	0	0	-1.00E+00
466	1	0	0	0	0	0	-1.00E+00
467	1	0	0	0	0	0	-1.00E+00
468	1	0	0	0	0	0	-1.00E+00
469	1	0	0	0	0	0	-1.00E+00
470	1	0	0	0	0	0	-1.00E+00
471	1	0	0	0	0	0	-1.00E+00
472	1	0	0	0	0	0	-1.00E+00
473	1	0	0	0	0	0	-1.00E+00
474	1	0	0	0	0	0	-1.00E+00
475	1	0	0	0	0	0	-1.00E+00
476	1	0	0	0	0	0	-1.00E+00
477	1	0	0	0	0	0	-1.00E+00
478	1	0	0	0	0	0	-1.00E+00
479	1	0	0	0	0	0	-1.00E+00
480	1	0	0	0	0	0	-1.00E+00
481	1	0	0	0	0	0	-1.00E+00
482	1	0	0	0	0	0	-1.00E+00
483	1	0	0	0	0	0	-1.00E+00
484	1	0	0	0	0	0	-1.00E+00
485	1	0	0	0	0	0	-1.00E+00
486	1	0	0	0	0	0	-1.00E+00
487	1	0	0	0	0	0	-1.00E+00
488	1	0	0	0	0	0	-1.00E+00
489	1	0	0	0	0	0	-1.00E+00
490	1	0	0	0	0	0	-1.00E+00
491	1	0	0	0	0	0	-1.00E+00
492	1	0	0	0	0	0	-1.00E+00
493	1	0	0	0	0	0	-1.00E+00
494	1	0	0	0	0	0	-1.00E+00
495	1	0	0	0	0	0	-1.00E+00
496	1	0	0	0	0	0	-1.00E+00
497	1	0	0	0	0	0	-1.00E+00
498	1	0	0	0	0	0	-1.00E+00
499	1	0	0	0	0	0	-1.00E+00
500	1	0	0	0	0	0	-1.00E+00
501	1	0	0	0	0	0	-1.00E+00
502	1	0	0	0	0	0	-1.00E+00
503	1	0	0	0	0	0	-1.00E+00
504	1	0	0	0	0	0	-1.00E+00
505	1	0	0	0	0	0	-1.00E+00
506	1	0	0	0	0	0	-1.00E+00
507	1	0	0	0	0	0	-1.00E+00
508	1	0	0	0	0	0	-1.00E+00
509	1	0	0	0	0	0	-1.00E+00
510	1	0	0	0	0	0	-1.00E+00
511	1	0	0	0	0	0	-1.00E+00
512	1	0	0	0	0	0	-1.00E+00
513	1	0	0	0	0	0	-1.00E+00
514	1	0	0	0	0	0	-1.00E+00
515	1	0	0	0	0	0	-1.00E+00
516	1	0	0	0	0	0	-1.00E+00
517	1	0	0	0	0	0	-1.00E+00
518	1	0	0	0	0	0	-1.00E+00
519	1	0	0	0	0	0	-1.00E+00
520	1	0	0	0	0	0	-1.00E+00
521	1	0	0	0	0	0	-1.00E+00
522	1	0	0	0	0	0	-1.00E+00
523	1	0	0	0	0	0	-1.00E+00
524	1	0	0	0	0	0	-1.00E+00
525	1	0	0	0	0	0	-1.00E+00
526	1	0	0	0	0	0	-1.00E+00
527	1	0	0	0	0	0	-1.00E+00
528	1	0	0	0	0	0	-1.00E+00
529	1	0	0	0	0	0	-1.00E+00
530	1	0	0	0	0	0	-1.00E+00
531	1	0	0	0	0	0	-1.00E+00
532	1	0	0	0	0	0	-1.00E+00
533	1	0	0	0	0	0	-1.00E+00
534	1	0	0	0	0	0	-1.00E+00
535	1	0	0	0	0	0	-1.00E+00
536	1	0	0	0	0	0	-1.00E+00
537	1	0	0	0	0	0	-1.00E+00
538	1	0	0	0	0	0	-1.00E+00
539	1	0	0	0	0	0	-1.00E+00
540	1	0	0	0	0	0	-1.00E+00
541	1	0	0	0	0	0	-1.00E+00
542	1	0	0	0	0	0	-1.00E+00
543	1	0	0	0	0	0	-1.00E+00
544	1	0	0	0	0	0	-1.00E+00
545	1	0	0	0	0	0	-1.00E+00
546	1	0	0	0	0	0	-1.00E+00
547	1	0	0	0	0	0	-1.00E+00
548	1	0	0	0	0	0	-1.00E+00
549	1	0	0	0	0	0	-1.00E+00
550	1	0	0	0	0	0	-1.00E+00
551	1	0	0	0	0	0	-1.00E+00
552	1	0	0	0	0	0	-1.00E+00
553	1	0	0	0	0	0	-1.00E+00
554	1	0	0	0	0	0	-1.00E+00
555	1	0	0	0	0	0	-1.00E+00
556	1	0	0	0	0	0	-1.00E+00
557	1	0	0	0	0	0	-1.00E+00
558	1	0	0	0	0	0	-1.00E+00
559	1	0	0	0	0	0	-1.00E+00
560	1	0	0	0	0	0	-1.00E+00
561	1	0	0	0	0	0	-1.00E+00
562	1	0	0	0	0	0	-1.00E+00
563	1	0	0	0	0	0	-1.00E+00
564	1	0	0	0	0	0	-1.00E+00
565	1	0	0	0	0	0	-1.00E+00
566	1	0	0	0	0	0	-1.00E+00
567	1	0	0	0	0	0	-1.00E+00
568	1	0	0	0	0	0	-1.00E+00
569	1	0	0	0	0	0	-1.00E+00
570	1	0	0	0	0	0	-1.00E+00
571	1	0	0	0	0	0	-1.00E+00
572	1	0	0	0	0	0	-1.00E+00
573	1	0	0	0	0	0	-1.00E+00
574	1	0	0	0	0	0	-1.00E+00
575	1	0	0	0	0	0	-1.00E+00
576	1	0	0	0	0	0	-1.00E+00
577	1	0	0	0	0	0	-1.00E+00
578	1	0	0	0	0	0	-1.00E+00
579	1	0	0	0	0	0	-1.00E+00
580	1	0	0	0	0	0	-1.00E+00
581	1	0	0	0	0	0	-1.00E+00
582	1	0	0	0	0	0	-1.00E+00
583	1	0	0	0	0	0	-1.00E+00
584	1	0	0	0	0	0	-1.00E+00
585	1	0	0	0	0	0	-1.00E+00
586	1	0	0	0	0	0	-1.00E+00
587	1	0	0	0	0	0	-1.00E+00
588	1	0	0	0	0	0	-1.00E+00
589	1	0	0	0	0	0	-1.00E+00
590	1	0	0	0	0	0	-1.00E+00
591	1	0	0	0	0	0	-1.00E+00
592	1	0	0	0	0	0	-1.00E+00
593	1	0	0	0	0	0	-1.00E+00
594	1	0	0	0	0	0	-1.00E+00
595	1	0	0	0	0	0	-1.00E+00
596	1	0	0	0	0	0	-1.00E+00
597	1	0	0	0	0	0	-1.00E+00
598	1	0	0	0	0	0	-1.00E+00
599	1	0	0	0	0	0	-1.00E+00
600	1	0	0	0	0	0	-1.00E+00
601	1	0	0	0	0	0	-1.00E+00
602	1	0	0	0	0	0	-1.00E+00
603	1	0	0	0	0	0	-1.00E+00
604	1	0	0	0	0	0	-1.00E+00
605	1	0	0	0	0	0	-1.00E+00
606	1	0	0	0	0	0	-1.00E+00
607	1	0	0	0	0	0	-1.00E+00
608	1	0	0	0	0	0	-1.00E+00
609	1	0	0	0	0	0	-1.00E+00
610	1	0	0	0	0	0	-1.00E+00
611	1	0	0	0	0	0	-1.00E+00
612	1	0	0	0	0	0	-1.00E+00
613	1	0	0	0	0	0	-1.00E+00
614	1	0	0	0	0	0	-1.00E+00
615	1	0	0	0	0	0	-1.00E+00
616	1	0	0	0	0	0	-1.00E+00
617	1	0	0	0	0	0	-1.00E+00
618	1	0	0	0	0	0	-1.00E+00
619	1	0	0	0	0	0	-1.00E+00
620	1	0	0	0	0	0	-1.00E+00
621	1	0	0	0	0	0	-1.00E+00
622	1	0	0	0	0	0	-1.00E+00
623	1	0	0	0	0	0	-1.00E+00
624	1	0	0	0	0	0	-1.00E+00
625	1	0	0	0	0	0	-1.00E+00
626	1	0	0	0	0	0	-1.00E+00
627	1	0	0	0	0	0	-1.00E+00
628	1	0	0	0	0	0	-1.00E+00
629	1	0	0	0	0	0	-1.00E+00
630	1	0	0	0	0	0	-1.00E+00
631	1	0	0	0	0	0	-1.00E+00
632	1	0	0	0	0	0	-1.00E+00
633	1	0	0	0	0	0	-1.00E+00
634	1	0	0	0	0	0	-1.00E+00
635	1	0	0	0	0	0	-1.00E+00
636	1	0	0	0	0	0	-1.00E+00
637	1	0	0	0	0	0	-1.00E+00
638	1	0	0	0	0	0	-1.00E+00
639	1	0	0	0	0	0	-1.00E+00
640	1	0	0	0	0	0	-1.00E+00
641	1	0	0	0	0	0	-1.00E+00
642	1	0	0	0	0	0	-1.00E+00
643	1	0	0	0	0	0	-1.00E+00
644	1	0	0	0	0	0	-1.00E+00
645	1	0	0	0	0	0	-1.00E+00
646	1	0	0	0	0	0	-1.00E+00
647	1	0	0	0	0	0	-1.00E+00
648	1	0	0	0	0	0	-1.00E+00
649	1	0	0	0	0	0	-1.00E+00
650	1	0	0	0	0	0	-1.00E+00
651	1	0	0	0	0	0	-1.00E+00
652	1	0	0	0	0	0	-1.00E+00
653	1	0	0	0	0	0	-1.00E+00
654	1	0	0	0	0	0	-1.00E+00
655	1	0	0	0	0	0	-1.00E+00
656	1	0	0	0	0	0	-1.00E+00
657	1	0	0	0	0	0	-1.00E+00
658	1	0	0	0	0	0	-1.00E+00
659	1	0	0	0	0	0	-1.00E+00
660	1	0	0	0	0	0	-1.00E+00
661	1	0	0	0	0	0	-1.00E+00
662	1	0	0	0	0	0	-1.00E+00
663	1	0	0	0	0	0	-1.00E+00
664	1	0	0	0	0	0	-1.00E+00
665	1	0	0	0	0	0	-1.00E+00
666	1	0	0	0	0	0	-1.00E+00
667	1	0	0	0	0	0	-1.00E+00
668	1	0	0	0	0	0	-1.00E+00
669	1	0	0	0	0	0	-1.00E+00
670	1	0	0	0	0	0	-1.00E+00
671	1	0	0	0	0	0	-1.00E+00
672	1	0	0	0	0	0	-1.00E+00
673	1	0	0	0	0	0	-1.00E+00
674	1	0	0	0	0	0	-1.00E+00
675	1	0	0	0	0	0	-1.00E+00
676	1	0	0	0	0	0	-1.00E+00
677	1	0	0	0	0	0	-1.00E+00
678	1	0	0	0	0	0	-1.00E+00
679	1	0	0	0	0	0	-1.00E+00
680	1	0	0	0	0	0	-1.00E+00
681	1	0	0	0	0	0	-1.00E+00
682	1	0	0	0	0	0	-1.00E+00
683	1	0	0	0	0	0	-1.00E+00
684	1	0	0	0	0	0	-1.00E+00
685	1	0	0	0	0	0	-1.00E+00
686	1	0	0	0	0	0	-1.00E+00
687	1	0	0	0	0	0	-1.00E+00
688	1	0	0	0	0	0	-1.00E+00
689	1	0	0	0	0	0	-1.00E+00
690	1	0	0	0	0	0	-1.00E+00
691	1	0	0	0	0	0	-1.00E+00
692	1	0	0	0	0	0	-1.00E+00
693	1	0	0	0	0	0	-1.00E+00
694	1	0	0	0	0	0	-1.00E+00
695	1	0	0	0	0	0	-1.00E+00
696	1	0	0	0	0	0	-1.00E+00
697	1	0	0	0	0	0	-1.00E+00
698	1	0	0	0	0	0	-1.00E+00
699	1	0	0	0	0	0	-1.00E+00
700	1	0	0	0	0	0	-1.00E+00
701	1	0	0	0	0	0	-1.00E+00
702	1	0	0	0	0	0	-1.00E+00
703	1	0	0	0	0	0	-1.00E+00
704	1	0	0	0	0	0	-1.00E+00
705	1	0	0	0	0	0	-1.00E+00
706	1	0	0	0	0	0	-1.00E+00
707	1	0	0	0	0	0	-1.00E+00
708	1	0	0	0	0	0	-1.00E+00
709	1	0	0	0	0	0	-1.00E+00
710	1	0	0	0	0	0	-1.00E+00
711	1	0	0	0	0	0	-1.00E+00
712	1	0	0	0	0	0	-1.00E+00
713	1	0	0	0	0	0	-1.00E+00
714	1	0	0	0	0	0	-1.00E+00
715	1	0	0	0	0	0	-1.00E+00
716	1	0	0	0	0	0	-1.00E+00
717	1	0	0	0	0	0	-1.00E+00
718	1	0	0	0	0	0	-1.00E+00
719	1	0	0	0	0	0	-1.00E+00
720	1	0	0	0	0	0	-1.00E+00
721	1	0	0	0	0	0	-1.00E+00
722	1	0	0	0	0	0	-1.00E+00
723	1	0	0	0	0	0	-1.00E+00
724	1	0	0	0	0	0	-1.00E+00
725	1	0	0	0	0	0	-1.00E+00
726	1	0	0	0	0	0	-1.00E+00
727	1	0	0	0	0	0	-1.00E+00
728	1	0	0	0	0	0	-1.00E+00
729	1	0	0	0	0	0	-1.00E+00
730	1	0	0	0	0	0	-1.00E+00
731	1	0	0	0	0	0	-1.00E+00
732	1	0	0	0	0	0	-1.00E+00
733	1	0	0	0	0	0	-1.00E+00
734	1	0	0	0	0	0	-1.00E+00
735	1	0	0	0	0	0	-1.00E+00
736	1	0	0	0	0	0	-1.00E+00
737	1	0	0	0	0	0	-1.00E+00
738	1	0	0	0	0	0	-1.00E+00
739	1	0	0	0	0	0	-1.00E+00
740	1	0	0	0	0	0	-1.00E+00
741	1	0	0	0	0	0	-1.00E+00
742	1	0	0	0	0	0	-1.00E+00
743	1	0	0	0	0	0	-1.00E+00
744	1	0	0	0	0	0	-1.00E+00
745	1	0	0	0	0	0	-1.00E+00
746	1	0	0	0	0	0	-1.00E+00
747	1	0	0	0	0	0	-1.00E+00
748	1	0	0	0	0	0	-1.00E+00
749	1	0	0	0	0	0	-1.00E+00
750	1	0	0	0	0	0	-1.00E+00
751	1	0	0	0	0	0	-1.00E+00
752	1	0	0	0	0	0	-1.00E+00
753	1	0	0	0	0	0	-1.00E+00
754	1	0	0	0	0	0	-1.00E+00
755	1	0	0	0	0	0	-1.00E+00
756	1	0	0	0	0	0	-1.00E+00
757	1	0	0	0	0	0	-1.00E+00
758	1	0	0	0	0	0	-1.00E+00
759	1	0	0	0	0	0	-1.00E+00
760	1	0	0	0	0	0	-1.00E+00
761	1	0	0	0	0	0	-1.00E+00
762	1	0	0	0	0	0	-1.00E+00
763	1	0	0	0	0	0	-1.00E+00
764	1	0	0	0	0	0	-1.00E+00
765	1	0	0	0	0	0	-1.00E+00
766	1	0	0	0	0	0	-1.00E+00
767	1	0	0	0	0	0	-1.00E+00
768	1	0	0	0	0	0	-1.00E+00
769	1	0	0	0	0	0	-1.00E+00
770	1	0	0	0	0	0	-1.00E+00
771	1	0	0	0	0	0	-1.00E+00
772	1	0	0	0	0	0	-1.00E+00
773	1	0	0	0	0	0	-1.00E+00
774	1	0	0	0	0	0	-1.00E+00
775	1	0	0	0	0	0	-1.00E+00
776	1	0	0	0	0	0	-1.00E+00
777	1	0	0	0	0	0	-1.00E+00
778	1	0	0	0	0	0	-1.00E+00
779	1	0	0	0	0	0	-1.00E+00
780	1	0	0	0	0	0	-1.00E+00
781	1	0	0	0	0	0	-1.00E+00
782	1	0	0	0	0	0	-1.00E+00
783	1	0	0	0	0	0	-1.00E+00
784	1	0	0	0	0	0	-1.00E+00
785	1	0	0	0	0	0	-1.00E+00
786	1	0	0	0	0	0	-1.00E+00
787	1	0	0	0	0	0	-1.00E+00
788	1	0	0	0	0	0	-1.00E+00
789	1	0	0	0	0	0	-1.00E+00
790	1	0	0	0	0	0	-1.00E+00
791	1	0	0	0	0	0	-1.00E+00
792	1	0	0	0	0	0	-1.00E+00
793	1	0	0	0	0	0	-1.00E+00
794	1	0	0	0	0	0	-1.00E+00
795	1	0	0	0	0	0	-1.00E+00
796	1	0	0	0	0	0	-1.00E+00
797	1	0	0	0	0	0	-1.00E+00
798	1	0	0	0	0	0	-1.00E+00
799	1	0	0	0	0	0	-1.00E+00
800	1	0	0	0	0	0	-1.00E+00
801	1	0	0	0	0	0	-1.00E+00
802	1	0	0	0	0	0	-1.00E+00
803	1	0	0	0	0	0	-1.00E+00
804	1	0	0	0	0	0	-1.00E+00
805	1	0	0	0	0	0	-1.00E+00
806	1	0	0	0	0	0	-1.00E+00
807	1	0	0	0	0	0	-1.00E+00
808	1	0	0	0	0	0	-1.00E+00
809	1	0	0	0	0	0	-1.00E+00
810	1	0	0	0	0	0	-1.00E+00
811	1	0	0	0	0	0	-1.00E+00
812	1	0	0	0	0	0	-1.00E+00
813	1	0	0	0	0	0	-1.00E+00
814	1	0	0	0	0	0	-1.00E+00
815	1	0	0	0	0	0	-1.00E+00
816	1	0	0	0	0	0	-1.00E+00
817	1	0	0	0	0	0	-1.00E+00
818	1	0	0	0	0	0	-1.00E+00
819	1	0	0	0	0	0	-1.00E+00
820	1	0	0	0	0	0	-1.00E+00
821	1	0	0	0	0	0	-1.00E+00
822	1	0	0	0	0	0	-1.00E+00
823	1	0	0	0	0	0	-1.00E+00
824	1	0	0	0	0	0	-1.00E+00
825	1	0	0	0	0	0	-1.00E+00
826	1	0	0	0	0	0	-1.00E+00
827	1	0	0	0	0	0	-1.00E+00
828	1	0	0	0	0	0	-1.00E+00
829	1	0	0	0	0	0	-1.00E+00
830	1	0	0	0	0	0	-1.00E+00
831	1	0	0	0	0	0	-1.00E+00
832	1	0	0	0	0	0	-1.00E+00
833	1	0	0	0	0	0	-1.00E+00
834	1	0	0	0	0	0	-1.00E+00
835	1	0	0	0	0	0	-1.00E+00
836	1	0	0	0	0	0	-1.00E+00
837	1	0	0	0	0	0	-1.00E+00
838	1	0	0	0	0	0	-1.00E+00
839	1	0	0	0	0	0	-1.00E+00
840	1	0	0	0	0	0	-1.00E+00
841	1	0	0	0	0	0	-1.00E+00
842	1	0	0	0	0	0	-1.00E+00
843	1	0	0	0	0	0	-1.00E+00
844	1	0	0	0	0	0	-1.00E+00
845	1	0	0	0	0	0	-1.00E+00
846	1	0	0	0	0	0	-1.00E+00
847	1	0	0	0	0	0	-1.00E+00
848	1	0	0	0	0	0	-1.00E+00
849	1	0	0	0	0	0	-1.00E+00
850	1	0	0	0	0	0	-1.00E+00
851	1	0	0	0	0	0	-1.00E+00
852	1	0	0	0	0	0	-1.00E+00
853	1	0	0	0	0	0	-1.00E+00
854	1	0	0	0	0	0	-1.00E+00
855	1	0	0	0	0	0	-1.00E+00
856	1	0	0	0	0	0	-1.00E+00
857	1	0	0	0	0	0	-1.00E+00
858	1	0	0	0	0	0	-1.00E+00
859	1	0	0	0	0	0	-1.00E+00
860	1	0	0	0	0	0	-1.00E+00
861	1	0	0	0	0	0	-1.00E+00
862	1	0	0	0	0	0	-1.00E+00
863	1	0	0	0	0	0	-1.00E+00
864	1	0	0	0	0	0	-1.00E+00
865	1	0	0	0	0	0	-1.00E+00
866	1	0	0	0	0	0	-1.00E+00
867	1	0	0	0	0	0	-1.00E+00
868	1	0	0	0	0	0	-1.00E+00
869	1	0	0	0	0	0	-1.00E+00
870	1	0	0	0	0	0	-1.00E+00
871	1	0	0	0	0	0	-1.00E+00
872	1	0	0	0	0	0	-1.00E+00
873	1	0	0	0	0	0	-1.00E+00
874	1	0	0	0	0	0	-1.00E+00
875	1	0	0	0	0	0	-1.00E+00
876	1	0	0	0	0	0	-1.00E+00
877	1	0	0	0	0	0	-1.00E+00
878	1	0	0	0	0	0	-1.00E+00
879	1	0	0	0	0	0	-1.00E+00
880	1	0	0	0	0	0	-1.00E+00
881	1	0	0	0	0	0	-1.00E+00
882	1	0	0	0	0	0	-1.00E+00
883	1	0	0	0	0	0	-1.00E+00
884	1	0	0	0	0	0	-1.00E+00
885	1	0	0	0	0	0	-1.00E+00
886	1	0	0	0	0	0	-1.00E+00
887	1	0	0	0	0	0	-1.00E+00
888	1	0	0	0	0	0	-1.00E+00
889	1	0	0	0	0	0	-1.00E+00
890	1	0	0	0	0	0	-1.00E+00
891	1	0	0	0	0	0	-1.00E+00
892	1	0	0	0	0	0	-1.00E+00
893	1	0	0	0	0	0	-1.00E+00
894	1	0	0	0	0	0	-1.00E+00
895	1	0	0	0	0	0	-1.00E+00
896	1	0	0	0	0	0	-1.00E+00
897	1	0	0	0	0	0	-1.00E+00
898	1	0	0	0	0	0	-1.00E+00
899	1	0	0	0	0	0	-1.00E+00
900	1	0	0	0	0	0	-1.00E+00
901	1	0	0	0	0	0	-1.00E+00
902	1	0	0	0	0	0	-1.00E+00
903	1	0	0	0	0	0	-1.00E+00
904	1	0	0	0	0	0	-1.00E+00
905	1	0	0	0	0	0	-1.00E+00
906	1	0	0	0	0	0	-1.00E+00
907	1	0	0	0	0	0	-1.00E+00
908	1	0	0	0	0	0	-1.00E+00
909	1	0	0	0	0	0	-1.00E+00
910	1	0	0	0	0	0	-1.00E+00
911	1	0	0	0	0	0	-1.00E+00
912	1	0	0	0	0	0	-1.00E+00
913	1	0	0	0	0	0	-1.00E+00
914	1	0	0	0	0	0	-1.00E+00
915	1	0	0	0	0	0	-1.00E+00
916	1	0	0	0	0	0	-1.00E+00
917	1	0	0	0	0	0	-1.00E+00
918	1	0	0	0	0	0	-1.00E+00
919	1	0	0	0	0	0	-1.00E+00
920	1	0	0	0	0	0	-1.00E+00
921	1	0	0	0	0	0	-1.00E+00
922	1	0	0	0	0	0	-1.00E+00
923	1	0	0	0	0	0	-1.00E+00
924	1	0	0	0	0	0	-1.00E+00
925	1	0	0	0	0	0	-1.00E+00
926	1	0	0	0	0	0	-1.00E+00
927	1	0	0	0	0	0	-1.00E+00
928	1	0	0	0	0	0	-1.00E+00
929	1	0	0	0	0	0	-1.00E+00
930	1	0	0	0	0	0	-1.00E+00
931	1	0	0	0	0	0	-1.00E+00
932	1	0	0	0	0	0	-1.00E+00
933	1	0	0	0	0	0	-1.00E+00
934	1	0	0	0	0	0	-1.00E+00
935	1	0	0	0	0	0	-1.00E+00
936	1	0	0	0	0	0	-1.00E+00
937	1	0	0	0	0	0	-1.00E+00
938	1	0	0	0	0	0	-1.00E+00
939	1	0	0	0	0	0	-1.00E+00
940	1	0	0	0	0	0	-1.00E+00
941	1	0	0	0	0	0	-1.00E+00
942	1	0	0	0	0	0	-1.00E+00
943	1	0	0	0	0	0	-1.00E+00
944	1	0	0	0	0	0	-1.00E+00
945	1	0	0	0	0	0	-1.00E+00
946	1	0	0	0	0	0	-1.00E+00
947	1	0	0	0	0	0	-1.00E+00
948	1	0	0	0	0	0	-1.00E+00
949	1	0	0	0	0	0	-1.00E+00
950	1	0	0	0	0	0	-1.00E+00
951	1	0	0	0	0	0	-1.00E+00
952	1	0	0	0	0	0	-1.00E+00
953	1	0	0	0	0	0	-1.00E+00
954	1	0	0	0	0	0	-1.00E+00
955	1	0	0	0	0	0	-1.00E+00
956	1	0	0	0	0	0	-1.00E+00
957	1	0	0	0	0	0	-1.00E+00
958	1	0	0	0	0	0	-1.00E+00
959	1	0	0	0	0	0	-1.00E+00
960	1	0	0	0	0	0	-1.00E+00
961	1	0	0	0	0	0	-1.00E+00
962	1	0	0	0	0	0	-1.00E+00
963	1	0	0	0	0	0	-1.00E+00
964	1	0	0	0	0	0	-1.00E+00
965	1	0	0	0	0	0	-1.00E+00
966	1	0	0	0	0	0	-1.00E+00
967	1	0	0	0	0	0	-1.00E+00
968	1	0	0	0	0	0	-1.00E+00
969	1	0	0	0	0	0	-1.00E+00
970	1	0	0	0	0	0	-1.00E+00
971	1	0	0	0	0	0	-1.00E+00
972	1	0	0	0	0	0	-1.00E+00
973	1	0	0	0	0	0	-1.00E+00
974	1	0	0	0	0	0	-1.00E+00
975	1	0	0	0	0	0	-1.00E+00
976	1	0	0	0	0	0	-1.00E+00
977	1	0	0	0	0	0	-1.00E+00
978	1	0	0	0	0	0	-1.00E+00
979	1	0	0	0	0	0	-1.00E+00
980	1	0	0	0	0	0	-1.00E+00
981	1	0	0	0	0	0	-1.00E+00
982	1	0	0	0	0	0	-1.00E+00
983	1	0	0	0	0	0	-1.00E+00
984	1	0	0	0	0	0	-1.00E+00
985	1	0	0	0	0	0	-1.00E+00
986	1	0	0	0	0	0	-1.00E+00
987	1	0	0	0	0	0	-1.00E+00
988	1	0	0	0	0	0	-1.00E+00
989	1	0	0	0	0	0	-1.00E+00
990	1	0	0	0	0	0	-1.00E+00
991	1	0	0	0	0	0	-1.00E+00
992	1	0	0	0	0	0	-1.00E+00
993	1	0	0	0	0	0	-1.00E+00
994	1	0	0	0	0	0	-1.00E+00
995	1	0	0	0	0	0	-1.00E+00
996	1	0	0	0	0	0	-1.00E+00
997	1	0	0	0	0	0	-1.00E+00
998	1	0	0	0	0	0	-1.00E+00
999	1	0	0	0	0	0	-1.00E+00
1000	1	0	0	0	0	0	-1.00E+00
1001	1	0	0	0	0	0	-1.00E+00
1002	1	0	0	0	0	0	-1.00E+00
1003	1	0	0	0	0	0	-1.00E+00
1004	1	0	0	0	0	0	-1.00E+00
1005	1	0	0	0	0	0	-1.00E+00
1006	1	0	0	0	0	0	-1.00E+00
1007	1	0	0	0	0	0	-1.00E+00
1008	1	0	0	0	0	0	-1.00E+00
1009	1	0	0	0	0	0	-1.00E+00
1010	1	0	0	0	0	0	-1.00E+00
1011	1	0	0	0	0	0	-1.00E+00
1012	1	0	0	0	0	0	-1.00E+00
1013	1	0	0	0	0	0	-1.00E+00
1014	1	0	0	0	0	0	-1.00E+00
1015	1	0	0	0	0	0	-1.00E+00
1016	1	0	0	0	0	0	-1.00E+00
1017	1	0	0	0	0	0	-1.00E+00
1018	1	0	0	0	0	0	-1.00E+00
1019	1	0	0	0	0	0	-1.00E+00
1020	1	0	0	0	0	0	-1.00E+00
1021	1	0	0	0	0	0	-1.00E+00
1022	1	0	0	0	0	0	-1.00E+00
1023	1	0	0	0	0	0	-1.00E+00
1024	1	0	0	0	0	0	-1.00E+00
1025	1	0	0	0	0	0	-1.00E+00
1026	1	0	0	0	0	0	-1.00E+00
1027	1	0	0	0	0	0	-1.00E+00
1028	1	0	0	0	0	0	-1.00E+00
1029	1	0	0	0	0	0	-1.00E+00
1030	1	0	0	0	0	0	-1.00E+00
1031	1	0	0	0	0	0	-1.00E+00
1032	1	0	0	0	0	0	-1.00E+00
1033	1	0	0	0	0	0	-1.00E+00
1034	1	0	0	0	0	0	-1.00E+00
1035	1	0	0	0	0	0	-1.00E+00
1036	1	0	0	0	0	0	-1.00E+00
1037	1	0	0	0	0	0	-1.00E+00
1038	1	0	0	0	0	0	-1.00E+00

