 *************************************************************************
 ************		    DDM3D_tri_part2		        **********
 ************	        Algorithm developed by                  **********
 ************	 Kuriyama et al.(1993) and Tang et al. (2019)   **********
 ************	   Codes developed by Wong and Cui (2021)	**********
 ************	       DDFS3D (version 1.0), 31-5-2021		**********
 *************************************************************************
 Title: Penny shape crack (section S3-1 of the companion paper) to verify the triangular element                                        
 Modulus=  4.0000E+04  Poison ratio=    0.2500  KS=  0.0000E+00  KN=  0.0000E+00
 Initial stress field:
 Pxx=  0.0000E+00 Pyy=  0.0000E+00 Pzz=  0.0000E+00
 Pxy=  0.0000E+00 Pxz=  0.0000E+00 Pyz=  0.0000E+00
 Number of elements:       731
 Number of nodes   :       731
 Computing time    :     41.78 s
Stresses and displacments at the controid of each element in the respective local coordinate system(s)
  No.	    Szx            Szy          Szz            Ux            Uy           Uz 
    1    0.0000E+00    0.0000E+00   -9.9964E-01   -1.8784E-07   -6.9277E-06   -1.1612E-05
    2    0.0000E+00    0.0000E+00   -9.9935E-01    1.6538E-06   -6.2477E-06   -1.6459E-05
    3    0.0000E+00    0.0000E+00   -9.9972E-01   -6.0179E-06   -3.9000E-06   -9.2271E-06
    4    0.0000E+00    0.0000E+00   -9.9972E-01   -6.0247E-06   -4.1083E-06   -8.6520E-06
    5    0.0000E+00    0.0000E+00   -9.9972E-01   -6.0165E-06   -4.1230E-06   -8.6193E-06
    6    0.0000E+00    0.0000E+00   -9.9948E-01   -6.7492E-06   -1.3855E-07   -1.4740E-05
    7    0.0000E+00    0.0000E+00   -9.9947E-01   -6.7393E-06    4.5636E-08   -1.4803E-05
    8    0.0000E+00    0.0000E+00   -9.9947E-01   -4.9222E-06    4.0874E-06   -1.6714E-05
    9    0.0000E+00    0.0000E+00   -9.9943E-01   -6.2265E-06   -8.7914E-07   -1.7173E-05
   10    0.0000E+00    0.0000E+00   -9.9946E-01   -6.7179E-06   -3.7689E-08   -1.4756E-05
   11    0.0000E+00    0.0000E+00   -9.9945E-01   -6.6652E-06   -3.6935E-07   -1.4786E-05
   12    0.0000E+00    0.0000E+00   -9.9960E-01   -6.1872E-06    3.0330E-06   -1.1654E-05
   13    0.0000E+00    0.0000E+00   -9.9942E-01   -5.8444E-06   -3.0798E-06   -1.5322E-05
   14    0.0000E+00    0.0000E+00   -9.9972E-01   -6.1343E-06   -3.6152E-06   -9.4685E-06
   15    0.0000E+00    0.0000E+00   -9.9932E-01    7.2050E-07   -6.3983E-06   -1.6445E-05
   16    0.0000E+00    0.0000E+00   -9.9971E-01   -5.8654E-06   -4.4310E-06   -8.1490E-06
   17    0.0000E+00    0.0000E+00   -9.9865E-01   -2.4016E-06   -2.5010E-06   -2.7167E-05
   18    0.0000E+00    0.0000E+00   -9.9935E-01   -6.4308E-06   -4.9974E-07   -1.6667E-05
   19    0.0000E+00    0.0000E+00   -9.9972E-01   -6.0187E-06   -4.1150E-06   -8.7086E-06
   20    0.0000E+00    0.0000E+00   -9.9973E-01   -6.3284E-06   -3.2938E-06   -9.3632E-06
   21    0.0000E+00    0.0000E+00   -9.9980E-01   -6.1415E-06   -3.6329E-06   -9.3575E-06
   22    0.0000E+00    0.0000E+00   -9.9971E-01   -5.9825E-06   -4.1505E-06   -8.6973E-06
   23    0.0000E+00    0.0000E+00   -9.9972E-01   -6.0365E-06   -3.8461E-06   -9.2880E-06
   24    0.0000E+00    0.0000E+00   -9.9945E-01   -3.6230E-07   -6.3707E-06   -1.6682E-05
   25    0.0000E+00    0.0000E+00   -9.9945E-01   -6.7328E-06   -2.5243E-07   -1.4676E-05
   26    0.0000E+00    0.0000E+00   -9.9941E-01   -6.2427E-06    9.3516E-07   -1.7102E-05
   27    0.0000E+00    0.0000E+00   -9.9950E-01   -6.6714E-06   -7.8157E-07   -1.4771E-05
   28    0.0000E+00    0.0000E+00   -9.9963E-01    1.7871E-06   -6.7234E-06   -1.1500E-05
   29    0.0000E+00    0.0000E+00   -9.9964E-01   -5.9720E-06    3.5609E-06   -1.1601E-05
   30    0.0000E+00    0.0000E+00   -9.9974E-01   -6.2897E-06   -3.2016E-06   -9.6356E-06
   31    0.0000E+00    0.0000E+00   -9.9974E-01   -6.3415E-06   -3.0536E-06   -9.8483E-06
   32    0.0000E+00    0.0000E+00   -9.9928E-01   -1.2446E-06   -5.5097E-06   -2.0854E-05
   33    0.0000E+00    0.0000E+00   -9.9947E-01   -5.6199E-06   -3.5942E-06   -1.5088E-05
   34    0.0000E+00    0.0000E+00   -9.9974E-01   -5.7740E-06   -4.2589E-06   -9.2361E-06
   35    0.0000E+00    0.0000E+00   -9.9944E-01   -5.6418E-06   -3.7801E-06   -1.4637E-05
   36    0.0000E+00    0.0000E+00   -9.9953E-01   -5.3944E-06   -4.0400E-06   -1.4618E-05
   37    0.0000E+00    0.0000E+00   -9.9969E-01   -7.3999E-07   -6.9213E-06   -1.1908E-05
   38    0.0000E+00    0.0000E+00   -9.9969E-01   -6.2257E-06    3.1210E-06   -1.1606E-05
   39    0.0000E+00    0.0000E+00   -9.9974E-01   -6.1049E-06   -4.0095E-06   -8.6426E-06
   40    0.0000E+00    0.0000E+00   -9.9952E-01   -6.6336E-06    4.3526E-07   -1.5155E-05
   41    0.0000E+00    0.0000E+00   -9.9940E-01   -6.4587E-06   -2.3561E-07   -1.6698E-05
   42    0.0000E+00    0.0000E+00   -9.9975E-01   -6.3077E-06   -3.1606E-06   -9.7399E-06
   43    0.0000E+00    0.0000E+00   -9.9974E-01   -6.4055E-06   -3.2032E-06   -9.3212E-06
   44    0.0000E+00    0.0000E+00   -9.9962E-01   -5.9307E-06    3.6360E-06   -1.1596E-05
   45    0.0000E+00    0.0000E+00   -9.9949E-01   -4.9258E-06   -4.4876E-06   -1.4967E-05
   46    0.0000E+00    0.0000E+00   -9.9974E-01   -6.3182E-06   -3.0977E-06   -9.7042E-06
   47    0.0000E+00    0.0000E+00   -9.9974E-01   -6.4770E-06   -3.0392E-06   -9.1539E-06
   48    0.0000E+00    0.0000E+00   -9.9972E-01   -6.2778E-06   -3.3232E-06   -9.3895E-06
   49    0.0000E+00    0.0000E+00   -9.9972E-01   -6.2298E-06   -3.4065E-06   -9.4179E-06
   50    0.0000E+00    0.0000E+00   -9.9976E-01   -6.2135E-06    3.0025E-06   -1.1746E-05
   51    0.0000E+00    0.0000E+00   -9.9970E-01   -4.7058E-06   -5.2815E-06   -9.7860E-06
   52    0.0000E+00    0.0000E+00   -9.9968E-01    4.8173E-07   -6.8458E-06   -1.2264E-05
   53    0.0000E+00    0.0000E+00   -9.9966E-01   -6.4917E-06    2.7590E-06   -1.1067E-05
   54    0.0000E+00    0.0000E+00   -9.9964E-01   -4.3655E-06   -4.6967E-06   -1.5842E-05
   55    0.0000E+00    0.0000E+00   -9.9938E-01   -6.3000E-06   -4.2994E-07   -1.7044E-05
   56    0.0000E+00    0.0000E+00   -9.9964E-01   -6.5929E-06   -7.8148E-07   -1.4965E-05
   57    0.0000E+00    0.0000E+00   -9.9973E-01   -6.2984E-06   -3.1498E-06   -9.7184E-06
   58    0.0000E+00    0.0000E+00   -9.9948E-01   -4.8820E-06   -4.5279E-06   -1.4946E-05
   59    0.0000E+00    0.0000E+00   -9.9974E-01   -6.4272E-06   -2.8521E-06   -9.7887E-06
   60    0.0000E+00    0.0000E+00   -9.9975E-01   -6.2946E-06   -3.1037E-06   -9.9436E-06
   61    0.0000E+00    0.0000E+00   -9.9972E-01   -3.3154E-06   -5.8297E-06   -1.4971E-05
   62    0.0000E+00    0.0000E+00   -9.9974E-01   -6.1452E-06    3.2171E-06   -1.1456E-05
   63    0.0000E+00    0.0000E+00   -9.9976E-01   -6.3265E-06   -3.1189E-06   -9.7505E-06
   64    0.0000E+00    0.0000E+00   -9.9977E-01   -6.2914E-06   -3.2014E-06   -9.6472E-06
   65    0.0000E+00    0.0000E+00   -9.9912E-01    1.0731E-06   -5.1364E-06   -2.2332E-05
   66    0.0000E+00    0.0000E+00   -9.9977E-01   -6.2938E-06   -3.1979E-06   -9.6474E-06
   67    0.0000E+00    0.0000E+00   -9.9931E-01   -6.0019E-06   -5.9219E-07   -1.8998E-05
   68    0.0000E+00    0.0000E+00   -9.9977E-01   -6.0275E-06   -4.1054E-06   -8.6473E-06
   69    0.0000E+00    0.0000E+00   -9.9945E-01   -6.4556E-06    9.1936E-08   -1.6727E-05
   70    0.0000E+00    0.0000E+00   -9.9976E-01   -5.9933E-06   -4.1719E-06   -8.6599E-06
   71    0.0000E+00    0.0000E+00   -9.9947E-01   -6.3403E-06    4.2430E-07   -1.7042E-05
   72    0.0000E+00    0.0000E+00   -9.9976E-01   -6.0519E-06   -3.8311E-06   -9.3087E-06
   73    0.0000E+00    0.0000E+00   -9.9912E-01   -4.6731E-06   -8.7134E-07   -2.3890E-05
   74    0.0000E+00    0.0000E+00   -9.9980E-01   -6.3236E-06   -3.0946E-06   -9.7431E-06
   75    0.0000E+00    0.0000E+00   -9.9977E-01   -6.0542E-06   -4.0275E-06   -8.6719E-06
   76    0.0000E+00    0.0000E+00   -9.9976E-01   -5.9943E-06   -4.1498E-06   -8.5523E-06
   77    0.0000E+00    0.0000E+00   -9.9940E-01   -6.3912E-06   -5.9193E-07   -1.6742E-05
   78    0.0000E+00    0.0000E+00   -9.9974E-01   -6.3572E-06   -3.2058E-06   -9.3329E-06
   79    0.0000E+00    0.0000E+00   -9.9945E-01   -6.3643E-06    4.4397E-07   -1.6870E-05
   80    0.0000E+00    0.0000E+00   -9.9974E-01   -6.6418E-06   -2.7073E-06   -9.1436E-06
   81    0.0000E+00    0.0000E+00   -9.9975E-01   -6.3060E-06   -3.0449E-06   -9.9613E-06
   82    0.0000E+00    0.0000E+00   -9.9980E-01   -6.2795E-06   -3.1998E-06   -9.7730E-06
   83    0.0000E+00    0.0000E+00   -9.9975E-01   -5.9800E-06   -4.1708E-06   -8.6528E-06
   84    0.0000E+00    0.0000E+00   -9.9976E-01   -6.0749E-06   -4.0281E-06   -8.6784E-06
   85    0.0000E+00    0.0000E+00   -9.9953E-01   -6.7160E-06   -1.6179E-08   -1.4920E-05
   86    0.0000E+00    0.0000E+00   -9.9976E-01   -6.4731E-06   -3.0638E-06   -9.2532E-06
   87    0.0000E+00    0.0000E+00   -9.9951E-01   -6.6042E-06   -7.4491E-07   -1.5025E-05
   88    0.0000E+00    0.0000E+00   -9.9989E-01   -6.2563E-06   -3.4557E-06   -9.2172E-06
   89    0.0000E+00    0.0000E+00   -9.9960E-01   -5.9775E-06   -2.9507E-06   -1.5060E-05
   90    0.0000E+00    0.0000E+00   -9.9978E-01   -6.3878E-06   -3.2198E-06   -9.2980E-06
   91    0.0000E+00    0.0000E+00   -9.9890E-01   -3.9193E-06    2.1561E-06   -2.4761E-05
   92    0.0000E+00    0.0000E+00   -9.9972E-01   -5.9327E-06    3.6312E-06   -1.1583E-05
   93    0.0000E+00    0.0000E+00   -9.9892E-01   -5.5012E-06    3.3533E-07   -2.1555E-05
   94    0.0000E+00    0.0000E+00   -9.9975E-01   -6.0150E-06   -4.0954E-06   -8.6200E-06
   95    0.0000E+00    0.0000E+00   -9.9975E-01   -6.3098E-06   -3.1303E-06   -9.6143E-06
   96    0.0000E+00    0.0000E+00   -9.9975E-01   -6.0936E-06   -3.9718E-06   -8.6313E-06
   97    0.0000E+00    0.0000E+00   -9.9913E-01   -4.7329E-06    2.2132E-06   -2.2495E-05
   98    0.0000E+00    0.0000E+00   -9.9976E-01   -6.1900E-06   -3.7797E-06   -8.9512E-06
   99    0.0000E+00    0.0000E+00   -9.9922E-01   -5.6087E-06   -6.9333E-07   -2.0818E-05
  100    0.0000E+00    0.0000E+00   -9.9979E-01   -5.9786E-06   -4.1579E-06   -8.7090E-06
  101    0.0000E+00    0.0000E+00   -9.9958E-01   -6.5615E-06    2.8356E-07   -1.5454E-05
  102    0.0000E+00    0.0000E+00   -9.9984E-01   -6.2582E-06   -3.2607E-06   -9.6490E-06
  103    0.0000E+00    0.0000E+00   -9.9959E-01   -3.8570E-06   -5.5092E-06   -1.4816E-05
  104    0.0000E+00    0.0000E+00   -9.9991E-01   -6.0184E-06   -4.1213E-06   -8.6665E-06
  105    0.0000E+00    0.0000E+00   -9.9967E-01   -6.7344E-06   -1.3657E-07   -1.4923E-05
  106    0.0000E+00    0.0000E+00   -9.9978E-01    1.9693E-06   -6.6658E-06   -1.1577E-05
  107    0.0000E+00    0.0000E+00   -9.9978E-01   -5.9927E-06    3.5291E-06   -1.1477E-05
  108    0.0000E+00    0.0000E+00   -9.9980E-01    1.7664E-06   -6.7268E-06   -1.1493E-05
  109    0.0000E+00    0.0000E+00   -9.9986E-01   -5.9126E-06    3.6281E-06   -1.1629E-05
  110    0.0000E+00    0.0000E+00   -9.9980E-01    1.9572E-06   -6.6717E-06   -1.1696E-05
  111    0.0000E+00    0.0000E+00   -9.9986E-01   -6.0572E-06    3.5912E-06   -1.1255E-05
  112    0.0000E+00    0.0000E+00   -9.9977E-01   -4.6273E-06   -5.5917E-06   -8.8943E-06
  113    0.0000E+00    0.0000E+00   -9.9953E-01   -5.7170E-06    2.9547E-06   -1.6563E-05
  114    0.0000E+00    0.0000E+00   -9.9988E-01   -7.2856E-06    3.8481E-07   -9.0581E-06
  115    0.0000E+00    0.0000E+00   -9.9934E-01   -5.2481E-06   -3.0669E-06   -1.8782E-05
  116    0.0000E+00    0.0000E+00   -9.9981E-01   -6.7372E-06   -2.3591E-06   -9.6617E-06
  117    0.0000E+00    0.0000E+00   -9.9905E-01   -4.0185E-06   -2.2348E-06   -2.4394E-05
  118    0.0000E+00    0.0000E+00   -9.9976E-01   -6.2986E-06   -3.4128E-06   -9.3706E-06
  119    0.0000E+00    0.0000E+00   -9.9957E-01   -5.9105E-06   -3.0860E-06   -1.5133E-05
  120    0.0000E+00    0.0000E+00   -9.9984E-01   -6.1835E-06   -3.6268E-06   -9.2511E-06
  121    0.0000E+00    0.0000E+00   -9.9958E-01   -5.7218E-06    2.9500E-06   -1.6612E-05
  122    0.0000E+00    0.0000E+00   -9.9981E-01    1.0936E-06   -6.9672E-06   -1.1234E-05
  123    0.0000E+00    0.0000E+00   -9.9986E-01   -5.9193E-06    3.6758E-06   -1.1610E-05
  124    0.0000E+00    0.0000E+00   -9.9978E-01    1.9144E-06   -6.6791E-06   -1.1562E-05
  125    0.0000E+00    0.0000E+00   -9.9979E-01   -5.9547E-06    3.5949E-06   -1.1498E-05
  126    0.0000E+00    0.0000E+00   -9.9981E-01    1.8243E-06   -6.7150E-06   -1.1485E-05
  127    0.0000E+00    0.0000E+00   -9.9987E-01   -5.9509E-06    3.6084E-06   -1.1487E-05
  128    0.0000E+00    0.0000E+00   -9.9981E-01    1.7994E-06   -6.7201E-06   -1.1495E-05
  129    0.0000E+00    0.0000E+00   -9.9987E-01   -5.9482E-06    3.5966E-06   -1.1551E-05
  130    0.0000E+00    0.0000E+00   -9.9980E-01    1.8715E-06   -6.7108E-06   -1.1609E-05
  131    0.0000E+00    0.0000E+00   -9.9979E-01   -6.0475E-06    3.6033E-06   -1.1298E-05
  132    0.0000E+00    0.0000E+00   -9.9980E-01    2.0228E-08   -6.9502E-06   -1.1749E-05
  133    0.0000E+00    0.0000E+00   -9.9982E-01    1.1726E-06   -6.9399E-06   -1.1285E-05
  134    0.0000E+00    0.0000E+00   -9.9991E-01   -6.0858E-06   -4.0243E-06   -8.6545E-06
  135    0.0000E+00    0.0000E+00   -9.9969E-01   -6.6269E-06    3.5108E-07   -1.5140E-05
  136    0.0000E+00    0.0000E+00   -9.9981E-01    1.8967E-06   -6.6645E-06   -1.1546E-05
  137    0.0000E+00    0.0000E+00   -9.9987E-01   -5.9195E-06    3.6018E-06   -1.1522E-05
  138    0.0000E+00    0.0000E+00   -9.9981E-01    1.9485E-06   -6.6725E-06   -1.1531E-05
  139    0.0000E+00    0.0000E+00   -9.9985E-01   -5.9784E-06    3.7176E-06   -1.1124E-05
  140    0.0000E+00    0.0000E+00   -9.9946E-01   -5.9953E-06   -2.8471E-06   -1.5120E-05
  141    0.0000E+00    0.0000E+00   -9.9975E-01   -5.8339E-06   -4.0869E-06   -9.5581E-06
  142    0.0000E+00    0.0000E+00   -9.9989E-01   -7.0426E-06   -7.1180E-07   -9.7364E-06
  143    0.0000E+00    0.0000E+00   -9.9939E-01    5.9877E-06    8.0514E-07   -1.8685E-05
  144    0.0000E+00    0.0000E+00   -9.9990E-01   -5.9596E-06   -3.9876E-06   -9.3677E-06
  145    0.0000E+00    0.0000E+00   -9.9947E-01   -4.2804E-06    4.8773E-06   -1.6081E-05
  146    0.0000E+00    0.0000E+00   -9.9978E-01   -1.6127E-06   -6.8809E-06   -1.0863E-05
  147    0.0000E+00    0.0000E+00   -9.9980E-01   -5.6508E-06    3.8575E-06   -1.1976E-05
  148    0.0000E+00    0.0000E+00   -9.9980E-01    2.1070E-06   -6.5824E-06   -1.1716E-05
  149    0.0000E+00    0.0000E+00   -9.9988E-01   -6.0506E-06    3.5627E-06   -1.1291E-05
  150    0.0000E+00    0.0000E+00   -9.9980E-01    1.1072E-08   -6.9434E-06   -1.1726E-05
  151    0.0000E+00    0.0000E+00   -9.9982E-01    1.1571E-06   -6.9388E-06   -1.1267E-05
  152    0.0000E+00    0.0000E+00   -9.9990E-01   -6.0716E-06   -4.0401E-06   -8.6397E-06
  153    0.0000E+00    0.0000E+00   -9.9967E-01   -6.6284E-06    2.6890E-07   -1.5111E-05
  154    0.0000E+00    0.0000E+00   -9.9979E-01    1.9157E-06   -6.6660E-06   -1.1515E-05
  155    0.0000E+00    0.0000E+00   -9.9985E-01   -5.9331E-06    3.6040E-06   -1.1446E-05
  156    0.0000E+00    0.0000E+00   -9.9977E-01    1.7879E-06   -6.7056E-06   -1.1450E-05
  157    0.0000E+00    0.0000E+00   -9.9978E-01   -5.8540E-06    3.7054E-06   -1.1528E-05
  158    0.0000E+00    0.0000E+00   -9.9981E-01    1.6024E-06   -6.7327E-06   -1.1736E-05
  159    0.0000E+00    0.0000E+00   -9.9989E-01   -5.9530E-06    3.5086E-06   -1.1838E-05
  160    0.0000E+00    0.0000E+00   -9.9991E-01    2.1266E-06   -6.5835E-06   -1.1688E-05
  161    0.0000E+00    0.0000E+00   -9.9991E-01   -6.0103E-06    3.4811E-06   -1.1511E-05
  162    0.0000E+00    0.0000E+00   -9.9958E-01   -6.4380E-06   -4.9045E-07   -1.6682E-05
  163    0.0000E+00    0.0000E+00   -9.9940E-01   -4.8068E-06   -3.5782E-06   -1.9133E-05
  164    0.0000E+00    0.0000E+00   -9.9973E-01   -5.7658E-06   -3.2514E-06   -1.5325E-05
  165    0.0000E+00    0.0000E+00   -9.9970E-01    3.9518E-07   -6.3894E-06   -1.6711E-05
  166    0.0000E+00    0.0000E+00   -9.9983E-01   -3.6574E-06   -5.6410E-06   -1.4754E-05
  167    0.0000E+00    0.0000E+00   -9.9934E-01   -5.1924E-06   -2.9365E-06   -1.9295E-05
  168    0.0000E+00    0.0000E+00   -9.9961E-01   -3.4427E-06   -5.8002E-06   -1.4874E-05
  169    0.0000E+00    0.0000E+00   -9.9953E-01   -5.1569E-06   -3.0050E-06   -1.9076E-05
  170    0.0000E+00    0.0000E+00   -9.9984E-01   -5.0167E-06   -4.4035E-06   -1.4936E-05
  171    0.0000E+00    0.0000E+00   -9.9963E-01   -3.5293E-06   -5.7415E-06   -1.4799E-05
  172    0.0000E+00    0.0000E+00   -9.9953E-01   -6.3272E-06    8.3600E-08   -1.7245E-05
  173    0.0000E+00    0.0000E+00   -9.9983E-01   -3.9070E-06   -5.3507E-06   -1.5283E-05
  174    0.0000E+00    0.0000E+00   -9.9939E-01   -4.3144E-06   -3.4376E-06   -2.1403E-05
  175    0.0000E+00    0.0000E+00   -9.9983E-01   -3.9301E-06   -5.4479E-06   -1.4804E-05
  176    0.0000E+00    0.0000E+00   -9.9960E-01   -6.3085E-06   -6.0364E-07   -1.7086E-05
  177    0.0000E+00    0.0000E+00   -9.9974E-01   -6.7113E-06   -6.2610E-07   -1.4727E-05
  178    0.0000E+00    0.0000E+00   -9.9983E-01   -3.6935E-06   -5.6518E-06   -1.4732E-05
  179    0.0000E+00    0.0000E+00   -9.9983E-01   -3.7806E-06   -5.5907E-06   -1.4743E-05
  180    0.0000E+00    0.0000E+00   -9.9982E-01   -3.9347E-06   -5.3615E-06   -1.4972E-05
  181    0.0000E+00    0.0000E+00   -9.9962E-01    4.0555E-07   -6.3788E-06   -1.6687E-05
  182    0.0000E+00    0.0000E+00   -9.9964E-01   -5.4890E-06   -3.6486E-06   -1.5450E-05
  183    0.0000E+00    0.0000E+00   -9.9964E-01   -5.5821E-06   -3.8184E-06   -1.4807E-05
  184    0.0000E+00    0.0000E+00   -9.9959E-01   -6.3788E-06   -7.5317E-07   -1.6804E-05
  185    0.0000E+00    0.0000E+00   -9.9976E-01   -6.7373E-06   -3.4243E-07   -1.4747E-05
  186    0.0000E+00    0.0000E+00   -9.9950E-01   -5.4125E-06    3.4647E-06   -1.6407E-05
  187    0.0000E+00    0.0000E+00   -9.9948E-01   -1.7236E-07   -6.3975E-06   -1.6595E-05
  188    0.0000E+00    0.0000E+00   -9.9979E-01   -3.9312E-06   -5.3536E-06   -1.5153E-05
  189    0.0000E+00    0.0000E+00   -9.9924E-01   -4.7384E-06   -2.4634E-06   -2.1825E-05
  190    0.0000E+00    0.0000E+00   -9.9959E-01   -5.5190E-06   -3.7350E-06   -1.5019E-05
  191    0.0000E+00    0.0000E+00   -9.9936E-01   -4.5143E-06   -4.1738E-06   -1.8444E-05
  192    0.0000E+00    0.0000E+00   -9.9983E-01   -3.7379E-06   -5.4371E-06   -1.5185E-05
  193    0.0000E+00    0.0000E+00   -9.9985E-01   -5.7482E-06   -3.2576E-06   -1.5300E-05
  194    0.0000E+00    0.0000E+00   -9.9990E-01   -6.6309E-06   -6.5830E-07   -1.4979E-05
  195    0.0000E+00    0.0000E+00   -9.9861E-01   -9.1862E-07   -1.1694E-06   -2.9771E-05
  196    0.0000E+00    0.0000E+00   -9.9967E-01   -3.5501E-06   -5.7222E-06   -1.4723E-05
  197    0.0000E+00    0.0000E+00   -9.9889E-01    6.0398E-07   -5.1611E-06   -2.2394E-05
  198    0.0000E+00    0.0000E+00   -9.9938E-01   -5.6810E-06    2.9621E-06   -1.6495E-05
  199    0.0000E+00    0.0000E+00   -9.9965E-01   -3.7967E-06   -5.6584E-06   -1.4325E-05
  200    0.0000E+00    0.0000E+00   -9.9956E-01   -6.3778E-06   -7.7955E-07   -1.6712E-05
  201    0.0000E+00    0.0000E+00   -9.9898E-01   -6.8544E-07   -5.1072E-06   -2.2671E-05
  202    0.0000E+00    0.0000E+00   -9.9960E-01   -3.9298E-06   -5.4711E-06   -1.4661E-05
  203    0.0000E+00    0.0000E+00   -9.9919E-01   -3.9996E-06   -2.5919E-06   -2.3843E-05
  204    0.0000E+00    0.0000E+00   -9.9973E-01   -6.3655E-06   -1.6999E-06   -1.5326E-05
  205    0.0000E+00    0.0000E+00   -9.9928E-01   -4.3469E-06   -3.1650E-06   -2.1761E-05
  206    0.0000E+00    0.0000E+00   -9.9983E-01   -4.5186E-06   -4.7714E-06   -1.5320E-05
  207    0.0000E+00    0.0000E+00   -9.9898E-01    1.1108E-06   -4.4871E-06   -2.4443E-05
  208    0.0000E+00    0.0000E+00   -9.9954E-01   -6.4571E-06    1.1925E-07   -1.6618E-05
  209    0.0000E+00    0.0000E+00   -9.9972E-01   -6.7115E-06    3.9343E-07   -1.4785E-05
  210    0.0000E+00    0.0000E+00   -9.9989E-01    2.1698E-07   -6.9255E-06   -1.1662E-05
  211    0.0000E+00    0.0000E+00   -9.9989E-01   -6.5729E-06    2.3145E-06   -1.1546E-05
  212    0.0000E+00    0.0000E+00   -9.9982E-01   -1.3778E-07   -6.9417E-06   -1.1661E-05
  213    0.0000E+00    0.0000E+00   -9.9985E-01    2.2089E-07   -6.9324E-06   -1.1595E-05
  214    0.0000E+00    0.0000E+00   -9.9989E-01    3.6199E-07   -6.9059E-06   -1.1934E-05
  215    0.0000E+00    0.0000E+00   -9.9991E-01   -6.1285E-06    3.2561E-06   -1.1601E-05
  216    0.0000E+00    0.0000E+00   -9.9981E-01   -2.1424E-07   -6.9279E-06   -1.1575E-05
  217    0.0000E+00    0.0000E+00   -9.9952E-01   -5.9358E-06   -2.9441E-06   -1.5181E-05
  218    0.0000E+00    0.0000E+00   -9.9979E-01   -4.0993E-08   -6.8821E-06   -1.1844E-05
  219    0.0000E+00    0.0000E+00   -9.9981E-01   -6.5136E-06    2.0129E-06   -1.2149E-05
  220    0.0000E+00    0.0000E+00   -9.9982E-01   -6.2201E-06   -3.4239E-06   -9.3934E-06
  221    0.0000E+00    0.0000E+00   -9.9909E-01   -4.9171E-06    3.2466E-06   -1.9781E-05
  222    0.0000E+00    0.0000E+00   -9.9993E-01   -6.2191E-06   -3.5231E-06   -9.2102E-06
  223    0.0000E+00    0.0000E+00   -9.9967E-01    1.3736E-06   -6.3946E-06   -1.6149E-05
  224    0.0000E+00    0.0000E+00   -9.9951E-01   -5.9769E-06   -2.8749E-06   -1.5151E-05
  225    0.0000E+00    0.0000E+00   -9.9985E-01   -6.2307E-06   -3.3995E-06   -9.4023E-06
  226    0.0000E+00    0.0000E+00   -9.9988E-01   -8.5972E-08   -6.8989E-06   -1.1647E-05
  227    0.0000E+00    0.0000E+00   -9.9989E-01   -6.1389E-06    3.1268E-06   -1.1664E-05
  228    0.0000E+00    0.0000E+00   -9.9985E-01   -6.2218E-06   -3.4449E-06   -9.4293E-06
  229    0.0000E+00    0.0000E+00   -9.9970E-01   -5.4666E-06   -3.7108E-06   -1.5249E-05
  230    0.0000E+00    0.0000E+00   -9.9981E-01   -3.6091E-08   -6.8921E-06   -1.1660E-05
  231    0.0000E+00    0.0000E+00   -9.9983E-01   -6.1983E-06    3.0232E-06   -1.1687E-05
  232    0.0000E+00    0.0000E+00   -9.9941E-01   -6.1321E-06   -3.5811E-07   -1.8532E-05
  233    0.0000E+00    0.0000E+00   -9.9941E-01   -5.5112E-06    1.9971E-06   -1.9871E-05
  234    0.0000E+00    0.0000E+00   -9.9962E-01   -5.1577E-06    3.5765E-06   -1.7209E-05
  235    0.0000E+00    0.0000E+00   -9.9947E-01   -3.9430E-06   -4.5824E-06   -1.8835E-05
  236    0.0000E+00    0.0000E+00   -9.9931E-01   -1.4436E-07   -5.2331E-06   -2.2511E-05
  237    0.0000E+00    0.0000E+00   -9.9913E-01   -4.9393E-06    3.3298E-06   -1.9593E-05
  238    0.0000E+00    0.0000E+00   -9.9983E-01   -5.9394E-06   -2.9298E-06   -1.5241E-05
  239    0.0000E+00    0.0000E+00   -9.9927E-01   -5.6810E-06   -2.1808E-06   -1.8879E-05
  240    0.0000E+00    0.0000E+00   -9.9950E-01   -9.7311E-07   -5.8503E-06   -1.9685E-05
  241    0.0000E+00    0.0000E+00   -9.9971E-01   -3.6596E-08   -6.4180E-06   -1.6465E-05
  242    0.0000E+00    0.0000E+00   -9.9970E-01   -4.7299E-08   -6.4295E-06   -1.6437E-05
  243    0.0000E+00    0.0000E+00   -9.9976E-01   -5.6097E-06    3.1154E-06   -1.6455E-05
  244    0.0000E+00    0.0000E+00   -9.9989E-01   -5.9734E-06   -2.8594E-06   -1.5204E-05
  245    0.0000E+00    0.0000E+00   -9.9954E-01   -5.6406E-06   -2.1404E-06   -1.9050E-05
  246    0.0000E+00    0.0000E+00   -9.9984E-01   -5.6321E-06    3.3215E-06   -1.6138E-05
  247    0.0000E+00    0.0000E+00   -9.9977E-01   -4.3457E-06    3.9617E-06   -1.9781E-05
  248    0.0000E+00    0.0000E+00   -9.9972E-01    1.8607E-07   -6.3882E-06   -1.6666E-05
  249    0.0000E+00    0.0000E+00   -9.9950E-01   -5.1046E-06   -3.1525E-06   -1.9084E-05
  250    0.0000E+00    0.0000E+00   -9.9975E-01   -5.4299E-06   -3.8216E-06   -1.5069E-05
  251    0.0000E+00    0.0000E+00   -9.9947E-01   -4.4257E-06   -4.1145E-06   -1.8830E-05
  252    0.0000E+00    0.0000E+00   -9.9987E-01    1.1113E-07   -6.4549E-06   -1.6480E-05
  253    0.0000E+00    0.0000E+00   -9.9984E-01    9.0970E-07   -6.4425E-06   -1.6189E-05
  254    0.0000E+00    0.0000E+00   -9.9961E-01   -1.2584E-07   -5.7848E-06   -2.0095E-05
  255    0.0000E+00    0.0000E+00   -9.9966E-01   -5.5101E-06   -2.7404E-06   -1.8651E-05
  256    0.0000E+00    0.0000E+00   -9.9960E-01   -5.5893E-06   -2.4495E-06   -1.8778E-05
  257    0.0000E+00    0.0000E+00   -9.9963E-01   -5.1356E-06    2.9925E-06   -1.9645E-05
  258    0.0000E+00    0.0000E+00   -9.9951E-01    9.4694E-07   -5.8516E-06   -1.9720E-05
  259    0.0000E+00    0.0000E+00   -9.9925E-01   -5.4394E-06    5.5868E-07   -2.1661E-05
  260    0.0000E+00    0.0000E+00   -9.9928E-01   -5.5199E-06   -1.9345E-07   -2.1455E-05
  261    0.0000E+00    0.0000E+00   -9.9964E-01   -5.2701E-06   -3.2151E-06   -1.8536E-05
  262    0.0000E+00    0.0000E+00   -9.9987E-01   -5.4963E-06   -2.7571E-06   -1.8707E-05
  263    0.0000E+00    0.0000E+00   -9.9942E-01   -3.6413E-06    3.6608E-06   -2.2656E-05
  264    0.0000E+00    0.0000E+00   -9.9923E-01   -1.3980E-06   -5.5301E-06   -2.0460E-05
  265    0.0000E+00    0.0000E+00   -9.9954E-01   -5.1307E-06   -2.9984E-06   -1.9073E-05
  266    0.0000E+00    0.0000E+00   -9.9981E-01   -6.0550E-06   -2.2938E-06   -1.5619E-05
  267    0.0000E+00    0.0000E+00   -9.9958E-01   -4.1275E-06   -4.1571E-06   -1.9572E-05
  268    0.0000E+00    0.0000E+00   -9.9928E-01    1.0726E-06   -5.2152E-06   -2.2059E-05
  269    0.0000E+00    0.0000E+00   -9.9984E-01   -4.1424E-06   -4.5388E-06   -1.8567E-05
  270    0.0000E+00    0.0000E+00   -9.9927E-01   -5.2914E-06    2.5003E-06   -1.9892E-05
  271    0.0000E+00    0.0000E+00   -9.9977E-01   -5.0502E-06   -3.3164E-06   -1.8967E-05
  272    0.0000E+00    0.0000E+00   -9.9967E-01   -2.1710E-07   -6.4410E-06   -1.6393E-05
  273    0.0000E+00    0.0000E+00   -9.9990E-01   -6.1179E-06   -2.6085E-06   -1.5059E-05
  274    0.0000E+00    0.0000E+00   -9.9970E-01   -8.7218E-08   -6.4017E-06   -1.6618E-05
  275    0.0000E+00    0.0000E+00   -9.9991E-01   -5.9141E-06   -3.0162E-06   -1.5235E-05
  276    0.0000E+00    0.0000E+00   -9.9974E-01   -5.6074E-06    3.3123E-06   -1.6291E-05
  277    0.0000E+00    0.0000E+00   -9.9963E-01   -6.0616E-06   -2.2596E-07   -1.8760E-05
  278    0.0000E+00    0.0000E+00   -9.9968E-01   -6.1876E-06   -6.4746E-08   -1.7398E-05
  279    0.0000E+00    0.0000E+00   -9.9968E-01    3.5337E-06   -4.8372E-06   -1.9080E-05
  280    0.0000E+00    0.0000E+00   -9.9960E-01   -4.8280E-06   -2.3216E-06   -2.1924E-05
  281    0.0000E+00    0.0000E+00   -9.9898E-01   -4.6751E-06   -2.7565E-06   -2.1730E-05
  282    0.0000E+00    0.0000E+00   -9.9958E-01   -5.0852E-06   -3.3054E-06   -1.8758E-05
  283    0.0000E+00    0.0000E+00   -9.9957E-01   -4.2030E-06   -3.5702E-06   -2.1494E-05
  284    0.0000E+00    0.0000E+00   -9.9960E-01   -5.3852E-06   -2.6000E-06   -1.9048E-05
  285    0.0000E+00    0.0000E+00   -9.9941E-01   -5.2629E-06   -2.7602E-06   -1.9350E-05
  286    0.0000E+00    0.0000E+00   -9.9966E-01   -5.3060E-06    2.6498E-06   -1.9619E-05
  287    0.0000E+00    0.0000E+00   -9.9977E-01   -4.0700E-06    3.3329E-06   -2.2427E-05
  288    0.0000E+00    0.0000E+00   -9.9926E-01   -4.4041E-06    2.7375E-06   -2.2602E-05
  289    0.0000E+00    0.0000E+00   -9.9961E-01   -4.8845E-06   -3.1827E-06   -1.9769E-05
  290    0.0000E+00    0.0000E+00   -9.9985E-01    4.0411E-07   -5.7688E-06   -2.0012E-05
  291    0.0000E+00    0.0000E+00   -9.9927E-01   -4.1688E-06    4.1015E-06   -1.9758E-05
  292    0.0000E+00    0.0000E+00   -9.9967E-01    6.5220E-07   -5.8595E-06   -1.9719E-05
  293    0.0000E+00    0.0000E+00   -9.9958E-01    2.1471E-06   -5.6976E-06   -1.8873E-05
  294    0.0000E+00    0.0000E+00   -9.9990E-01   -2.3400E-06   -5.9213E-06   -1.6548E-05
  295    0.0000E+00    0.0000E+00   -9.9956E-01    1.4791E-06   -5.3101E-06   -2.1027E-05
  296    0.0000E+00    0.0000E+00   -9.9990E-01   -3.0314E-06   -5.5455E-06   -1.6959E-05
  297    0.0000E+00    0.0000E+00   -9.9959E-01   -5.3422E-06   -2.3960E-06   -1.9752E-05
  298    0.0000E+00    0.0000E+00   -9.9978E-01   -3.8061E-06   -3.9877E-06   -2.1469E-05
  299    0.0000E+00    0.0000E+00   -9.9956E-01   -5.2481E-06    2.5022E-06   -1.9876E-05
  300    0.0000E+00    0.0000E+00   -9.9893E-01    2.3801E-07    4.0417E-06   -2.5855E-05
  301    0.0000E+00    0.0000E+00   -9.9955E-01   -4.6394E-06   -2.7986E-06   -2.1744E-05
  302    0.0000E+00    0.0000E+00   -9.9983E-01   -4.3248E-06   -3.3689E-06   -2.1570E-05
  303    0.0000E+00    0.0000E+00   -9.9930E-01   -3.7450E-06   -2.8786E-06   -2.4060E-05
  304    0.0000E+00    0.0000E+00   -9.9905E-01   -4.2473E-06   -1.9397E-06   -2.4205E-05
  305    0.0000E+00    0.0000E+00   -9.9968E-01   -4.4200E-06   -3.2231E-06   -2.1454E-05
  306    0.0000E+00    0.0000E+00   -9.9944E-01   -5.0663E-06   -3.1160E-06   -1.9236E-05
  307    0.0000E+00    0.0000E+00   -9.9956E-01   -4.6968E-06   -2.6382E-06   -2.1785E-05
  308    0.0000E+00    0.0000E+00   -9.9910E-01   -3.4272E-06   -3.4352E-06   -2.3763E-05
  309    0.0000E+00    0.0000E+00   -9.9982E-01    2.7715E-07   -5.1285E-06   -2.2672E-05
  310    0.0000E+00    0.0000E+00   -9.9945E-01   -3.8317E-06   -4.6726E-06   -1.8904E-05
  311    0.0000E+00    0.0000E+00   -9.9932E-01   -4.1144E-06    4.1108E-06   -2.0146E-05
  312    0.0000E+00    0.0000E+00   -9.9858E-01   -2.3133E-06   -1.4037E-06   -2.8418E-05
  313    0.0000E+00    0.0000E+00   -9.9978E-01   -4.3189E-06   -3.2529E-06   -2.1703E-05
  314    0.0000E+00    0.0000E+00   -9.9932E-01   -4.7998E-06    3.1933E-06   -2.0272E-05
  315    0.0000E+00    0.0000E+00   -9.9948E-01   -1.5305E-06   -5.3099E-06   -2.0952E-05
  316    0.0000E+00    0.0000E+00   -9.9949E-01   -5.3768E-08   -5.7109E-06   -2.0196E-05
  317    0.0000E+00    0.0000E+00   -9.9959E-01   -4.0984E-06   -2.3027E-06   -2.4067E-05
  318    0.0000E+00    0.0000E+00   -9.9978E-01   -4.5931E-06    2.6289E-06   -2.2316E-05
  319    0.0000E+00    0.0000E+00   -9.9942E-01   -3.8636E-06    2.3693E-06   -2.4577E-05
  320    0.0000E+00    0.0000E+00   -9.9985E-01   -3.7738E-06   -4.1749E-06   -2.0614E-05
  321    0.0000E+00    0.0000E+00   -9.9886E-01   -5.3931E-07   -3.7916E-06   -2.6417E-05
  322    0.0000E+00    0.0000E+00   -9.9923E-01   -5.3845E-07   -5.7590E-06   -2.0333E-05
  323    0.0000E+00    0.0000E+00   -9.9912E-01   -3.4502E-06    2.9204E-06   -2.4643E-05
  324    0.0000E+00    0.0000E+00   -9.9944E-01   -1.0113E-06   -5.7349E-06   -2.0242E-05
  325    0.0000E+00    0.0000E+00   -9.9943E-01   -4.4792E-06   -4.0234E-06   -1.9052E-05
  326    0.0000E+00    0.0000E+00   -9.9980E-01   -6.3453E-07   -5.7335E-06   -2.0038E-05
  327    0.0000E+00    0.0000E+00   -9.9946E-01   -4.1122E-06   -4.4263E-06   -1.8999E-05
  328    0.0000E+00    0.0000E+00   -9.9909E-01   -4.6941E-06   -3.1937E-07   -2.4132E-05
  329    0.0000E+00    0.0000E+00   -9.9942E-01    8.5487E-08   -4.5107E-06   -2.4563E-05
  330    0.0000E+00    0.0000E+00   -9.9970E-01   -4.5989E-06   -3.9891E-06   -1.8863E-05
  331    0.0000E+00    0.0000E+00   -9.9959E-01    6.1174E-07    5.4069E-06   -2.1673E-05
  332    0.0000E+00    0.0000E+00   -9.9949E-01   -4.9328E-06    2.9104E-06   -2.0198E-05
  333    0.0000E+00    0.0000E+00   -9.9971E-01   -5.1169E-06   -3.0528E-06   -1.9125E-05
  334    0.0000E+00    0.0000E+00   -9.9939E-01   -5.9868E-06    6.1570E-07   -1.9079E-05
  335    0.0000E+00    0.0000E+00   -9.9881E-01   -3.4573E-06    1.3111E-06   -2.6648E-05
  336    0.0000E+00    0.0000E+00   -9.9969E-01   -5.0528E-06   -3.1293E-06   -1.9100E-05
  337    0.0000E+00    0.0000E+00   -9.9940E-01   -5.1686E-06   -2.9795E-06   -1.9228E-05
  338    0.0000E+00    0.0000E+00   -9.9935E-01   -6.0320E-06   -4.7695E-07   -1.8875E-05
  339    0.0000E+00    0.0000E+00   -9.9941E-01   -4.6094E-06   -2.6789E-06   -2.1936E-05
  340    0.0000E+00    0.0000E+00   -9.9977E-01   -2.2070E-06   -6.0542E-06   -1.6668E-05
  341    0.0000E+00    0.0000E+00   -9.9959E-01   -5.9097E-06    5.4064E-07   -1.9420E-05
  342    0.0000E+00    0.0000E+00   -9.9987E-01   -1.4142E-06   -6.2056E-06   -1.6982E-05
  343    0.0000E+00    0.0000E+00   -9.9971E-01   -6.0398E-06   -2.9297E-07   -1.8857E-05
  344    0.0000E+00    0.0000E+00   -9.9986E-01   -3.1002E-06   -5.5233E-06   -1.7177E-05
  345    0.0000E+00    0.0000E+00   -9.9937E-01   -5.8529E-06   -1.7114E-06   -1.8775E-05
  346    0.0000E+00    0.0000E+00   -9.9985E-01   -1.4532E-06   -6.1940E-06   -1.7044E-05
  347    0.0000E+00    0.0000E+00   -9.9953E-01   -4.3442E-06    3.8366E-06   -2.0382E-05
  348    0.0000E+00    0.0000E+00   -9.9975E-01   -2.5006E-06   -5.9614E-06   -1.6689E-05
  349    0.0000E+00    0.0000E+00   -9.9943E-01   -3.7079E-06    4.4219E-06   -2.0423E-05
  350    0.0000E+00    0.0000E+00   -9.9981E-01   -2.9851E-06   -5.6339E-06   -1.7018E-05
  351    0.0000E+00    0.0000E+00   -9.9973E-01   -5.5562E-06    1.3204E-06   -2.0278E-05
  352    0.0000E+00    0.0000E+00   -9.9990E-01   -2.6637E-06   -5.8459E-06   -1.6658E-05
  353    0.0000E+00    0.0000E+00   -9.9988E-01   -1.4512E-06    5.8290E-06   -1.9070E-05
  354    0.0000E+00    0.0000E+00   -9.9986E-01   -2.3389E-06   -6.0093E-06   -1.6658E-05
  355    0.0000E+00    0.0000E+00   -9.9982E-01   -5.9889E-06    1.6347E-07   -1.9227E-05
  356    0.0000E+00    0.0000E+00   -9.9976E-01   -1.9926E-06   -5.8816E-06   -1.7441E-05
  357    0.0000E+00    0.0000E+00   -9.9970E-01   -2.1255E-06   -5.6239E-06   -1.9118E-05
  358    0.0000E+00    0.0000E+00   -9.9987E-01   -2.8560E-06   -5.7534E-06   -1.6790E-05
  359    0.0000E+00    0.0000E+00   -9.9957E-01   -5.0653E-06    2.6753E-06   -2.0118E-05
  360    0.0000E+00    0.0000E+00   -9.9989E-01   -2.3933E-06   -5.9992E-06   -1.6700E-05
  361    0.0000E+00    0.0000E+00   -9.9967E-01   -6.0440E-06    3.8616E-08   -1.9026E-05
  362    0.0000E+00    0.0000E+00   -9.9982E-01   -2.4764E-06   -5.9676E-06   -1.6582E-05
  363    0.0000E+00    0.0000E+00   -9.9949E-01   -4.4585E-06   -4.0815E-06   -1.8874E-05
  364    0.0000E+00    0.0000E+00   -9.9986E-01   -1.3918E-06   -6.2055E-06   -1.6966E-05
  365    0.0000E+00    0.0000E+00   -9.9955E-01   -4.3600E-06    3.8596E-06   -2.0218E-05
  366    0.0000E+00    0.0000E+00   -9.9979E-01   -3.1403E-06   -5.5853E-06   -1.6739E-05
  367    0.0000E+00    0.0000E+00   -9.9932E-01   -4.9889E-06    2.8878E-06   -2.0105E-05
  368    0.0000E+00    0.0000E+00   -9.9979E-01   -1.8042E-06   -6.0474E-06   -1.7057E-05
  369    0.0000E+00    0.0000E+00   -9.9979E-01   -5.3086E-06    2.1255E-06   -2.0025E-05
  370    0.0000E+00    0.0000E+00   -9.9930E-01   -4.0749E-06    1.7750E-06   -2.4820E-05
  371    0.0000E+00    0.0000E+00   -9.9985E-01   -5.9226E-06   -1.4338E-06   -1.8804E-05
  372    0.0000E+00    0.0000E+00   -9.9920E-01   -3.4852E-06    2.9284E-06   -2.4538E-05
  373    0.0000E+00    0.0000E+00   -9.9885E-01   -7.8361E-07   -3.1420E-06   -2.7545E-05
  374    0.0000E+00    0.0000E+00   -9.9874E-01    4.6547E-07   -3.1599E-06   -2.7660E-05
  375    0.0000E+00    0.0000E+00   -9.9969E-01   -5.5244E-06   -2.1906E-06   -1.9423E-05
  376    0.0000E+00    0.0000E+00   -9.9956E-01   -4.5726E-06    3.6374E-06   -2.0194E-05
  377    0.0000E+00    0.0000E+00   -9.9931E-01   -1.3768E-06   -4.8344E-06   -2.2904E-05
  378    0.0000E+00    0.0000E+00   -9.9936E-01   -4.4550E-06   -3.0779E-06   -2.1810E-05
  379    0.0000E+00    0.0000E+00   -9.9921E-01   -3.6156E-06    2.5403E-06   -2.4954E-05
  380    0.0000E+00    0.0000E+00   -9.9986E-01   -5.2569E-06   -2.8196E-06   -1.9279E-05
  381    0.0000E+00    0.0000E+00   -9.9941E-01   -4.5859E-06    2.2063E-06   -2.2889E-05
  382    0.0000E+00    0.0000E+00   -9.9941E-01   -5.4434E-06   -1.2592E-06   -2.0937E-05
  383    0.0000E+00    0.0000E+00   -9.9985E-01   -2.1423E-06   -5.6366E-06   -1.9133E-05
  384    0.0000E+00    0.0000E+00   -9.9933E-01   -4.3756E-06   -2.9599E-06   -2.2064E-05
  385    0.0000E+00    0.0000E+00   -9.9972E-01   -3.7845E-06   -4.6708E-06   -1.9065E-05
  386    0.0000E+00    0.0000E+00   -9.9942E-01   -4.4363E-06    2.7929E-06   -2.2469E-05
  387    0.0000E+00    0.0000E+00   -9.9926E-01   -4.9285E-06    1.6653E-06   -2.2472E-05
  388    0.0000E+00    0.0000E+00   -9.9954E-01   -2.0611E-09   -5.8057E-06   -2.0407E-05
  389    0.0000E+00    0.0000E+00   -9.9986E-01   -4.3457E-06   -4.1920E-06   -1.8987E-05
  390    0.0000E+00    0.0000E+00   -9.9943E-01    9.8818E-07   -4.4675E-06   -2.4523E-05
  391    0.0000E+00    0.0000E+00   -9.9982E-01   -5.9953E-06    5.9174E-07   -1.8987E-05
  392    0.0000E+00    0.0000E+00   -9.9920E-01    1.2791E-06   -4.9397E-06   -2.2803E-05
  393    0.0000E+00    0.0000E+00   -9.9972E-01   -3.8462E-06   -4.6460E-06   -1.8937E-05
  394    0.0000E+00    0.0000E+00   -9.9959E-01   -4.7709E-06   -2.2247E-06   -2.2125E-05
  395    0.0000E+00    0.0000E+00   -9.9950E-01   -4.2728E-06    2.8287E-06   -2.2688E-05
  396    0.0000E+00    0.0000E+00   -9.9932E-01   -5.1540E-06   -1.8016E-06   -2.1459E-05
  397    0.0000E+00    0.0000E+00   -9.9982E-01   -5.6796E-06   -1.8511E-06   -1.9223E-05
  398    0.0000E+00    0.0000E+00   -9.9915E-01    4.0837E-06   -8.8893E-07   -2.5591E-05
  399    0.0000E+00    0.0000E+00   -9.9926E-01   -2.2169E-06   -4.5900E-06   -2.2854E-05
  400    0.0000E+00    0.0000E+00   -9.9977E-01   -4.1178E-06   -2.3766E-06   -2.3933E-05
  401    0.0000E+00    0.0000E+00   -9.9911E-01   -3.3080E-06    2.0446E-06   -2.6250E-05
  402    0.0000E+00    0.0000E+00   -9.9967E-01   -4.2145E-06   -3.2845E-06   -2.1944E-05
  403    0.0000E+00    0.0000E+00   -9.9982E-01   -4.4045E-06   -3.2415E-06   -2.1602E-05
  404    0.0000E+00    0.0000E+00   -9.9930E-01   -3.2028E-06   -2.4795E-06   -2.5871E-05
  405    0.0000E+00    0.0000E+00   -9.9918E-01   -3.3435E-06    3.3145E-06   -2.4068E-05
  406    0.0000E+00    0.0000E+00   -9.9962E-01   -3.4799E-06   -3.4190E-06   -2.3547E-05
  407    0.0000E+00    0.0000E+00   -9.9947E-01   -3.1934E-06   -4.0062E-06   -2.2713E-05
  408    0.0000E+00    0.0000E+00   -9.9881E-01    1.9104E-06    2.6699E-06   -2.7478E-05
  409    0.0000E+00    0.0000E+00   -9.9980E-01   -3.0915E-06   -3.5840E-06   -2.4009E-05
  410    0.0000E+00    0.0000E+00   -9.9908E-01   -2.8288E-06    2.8372E-06   -2.5960E-05
  411    0.0000E+00    0.0000E+00   -9.9977E-01   -4.0588E-06   -2.4097E-06   -2.4044E-05
  412    0.0000E+00    0.0000E+00   -9.9976E-01   -2.3000E-08   -5.7218E-06   -2.0179E-05
  413    0.0000E+00    0.0000E+00   -9.9991E-01   -5.3154E-06    2.2993E-06   -2.0305E-05
  414    0.0000E+00    0.0000E+00   -9.9978E-01    1.3328E-07   -5.7124E-06   -2.0108E-05
  415    0.0000E+00    0.0000E+00   -9.9985E-01   -5.2386E-06    2.4487E-06   -2.0305E-05
  416    0.0000E+00    0.0000E+00   -9.9932E-01   -4.3083E-06    2.8683E-06   -2.2646E-05
  417    0.0000E+00    0.0000E+00   -9.9962E-01   -4.8017E-06   -2.3270E-06   -2.2000E-05
  418    0.0000E+00    0.0000E+00   -9.9888E-01   -3.6796E-06   -3.1894E-06   -2.3734E-05
  419    0.0000E+00    0.0000E+00   -9.9983E-01   -4.3606E-06   -3.1691E-06   -2.1849E-05
  420    0.0000E+00    0.0000E+00   -9.9974E-01   -5.4390E-06    1.7034E-06   -2.0256E-05
  421    0.0000E+00    0.0000E+00   -9.9945E-01   -4.7024E-06    2.1221E-06   -2.2458E-05
  422    0.0000E+00    0.0000E+00   -9.9940E-01   -4.6490E-06   -2.5109E-06   -2.2083E-05
  423    0.0000E+00    0.0000E+00   -9.9903E-01   -2.0343E-06   -4.2683E-06   -2.4132E-05
  424    0.0000E+00    0.0000E+00   -9.9986E-01   -2.7790E-07   -5.7051E-06   -2.0195E-05
  425    0.0000E+00    0.0000E+00   -9.9984E-01   -5.1300E-06    2.5802E-06   -2.0459E-05
  426    0.0000E+00    0.0000E+00   -9.9953E-01   -4.4423E-06   -2.9190E-06   -2.2041E-05
  427    0.0000E+00    0.0000E+00   -9.9955E-01   -4.5602E-06    2.4116E-06   -2.2726E-05
  428    0.0000E+00    0.0000E+00   -9.9933E-01   -4.7588E-06    6.9777E-07   -2.3928E-05
  429    0.0000E+00    0.0000E+00   -9.9949E-01   -4.6567E-06    2.3611E-06   -2.2449E-05
  430    0.0000E+00    0.0000E+00   -9.9940E-01   -1.3657E-06   -5.1665E-06   -2.1887E-05
  431    0.0000E+00    0.0000E+00   -9.9961E-01   -4.8000E-06   -2.4518E-06   -2.1812E-05
  432    0.0000E+00    0.0000E+00   -9.9981E-01   -5.3081E-06   -1.8872E-06   -2.0524E-05
  433    0.0000E+00    0.0000E+00   -9.9993E-01    3.0059E-06   -5.5956E-06   -1.6570E-05
  434    0.0000E+00    0.0000E+00   -9.9930E-01    3.6603E-06   -3.3303E-06   -2.3358E-05
  435    0.0000E+00    0.0000E+00   -9.9961E-01    3.5102E-06   -3.7968E-06   -2.2591E-05
  436    0.0000E+00    0.0000E+00   -9.9964E-01   -3.8422E-06    2.3013E-06   -2.4651E-05
  437    0.0000E+00    0.0000E+00   -9.9947E-01   -3.3344E-06    1.8555E-06   -2.6417E-05
  438    0.0000E+00    0.0000E+00   -9.9961E-01   -4.7718E-06   -4.5522E-07   -2.3885E-05
  439    0.0000E+00    0.0000E+00   -9.9931E-01   -3.4379E-06   -2.2117E-06   -2.5756E-05
  440    0.0000E+00    0.0000E+00   -9.9946E-01    7.5077E-07   -3.8175E-06   -2.6266E-05
  441    0.0000E+00    0.0000E+00   -9.9897E-01    3.2008E-06   -2.7836E-06   -2.5443E-05
  442    0.0000E+00    0.0000E+00   -9.9924E-01   -9.0412E-08   -3.8514E-06   -2.6323E-05
  443    0.0000E+00    0.0000E+00   -9.9940E-01   -2.8447E-06   -1.8264E-06   -2.7312E-05
  444    0.0000E+00    0.0000E+00   -9.9949E-01   -4.1565E-06    1.4968E-06   -2.4878E-05
  445    0.0000E+00    0.0000E+00   -9.9985E-01   -1.3695E-06    4.5785E-06   -2.3963E-05
  446    0.0000E+00    0.0000E+00   -9.9961E-01    1.5301E-06   -4.5185E-06   -2.3878E-05
  447    0.0000E+00    0.0000E+00   -9.9964E-01    2.2006E-06   -4.5478E-06   -2.2955E-05
  448    0.0000E+00    0.0000E+00   -9.9882E-01   -1.1996E-06   -3.1773E-06   -2.7281E-05
  449    0.0000E+00    0.0000E+00   -9.9968E-01   -4.7828E-06   -1.9495E-06   -2.2467E-05
  450    0.0000E+00    0.0000E+00   -9.9965E-01   -2.4727E-06    4.7606E-06   -2.2053E-05
  451    0.0000E+00    0.0000E+00   -9.9967E-01    1.9050E-06    4.5080E-06   -2.3414E-05
  452    0.0000E+00    0.0000E+00   -9.9954E-01   -2.9274E-07   -5.0785E-06   -2.2852E-05
  453    0.0000E+00    0.0000E+00   -9.9989E-01   -4.6015E-06   -2.6386E-06   -2.2103E-05
  454    0.0000E+00    0.0000E+00   -9.9956E-01   -4.5065E-06   -2.8506E-06   -2.1870E-05
  455    0.0000E+00    0.0000E+00   -9.9891E-01   -6.8514E-07    3.8946E-06   -2.6099E-05
  456    0.0000E+00    0.0000E+00   -9.9987E-01   -3.5833E-06   -3.9979E-06   -2.1796E-05
  457    0.0000E+00    0.0000E+00   -9.9948E-01   -4.6885E-06   -1.0081E-06   -2.3903E-05
  458    0.0000E+00    0.0000E+00   -9.9979E-01   -4.5104E-07   -5.0616E-06   -2.2787E-05
  459    0.0000E+00    0.0000E+00   -9.9961E-01   -4.4448E-06   -2.8545E-06   -2.2023E-05
  460    0.0000E+00    0.0000E+00   -9.9940E-01   -4.5275E-06   -1.6348E-06   -2.3722E-05
  461    0.0000E+00    0.0000E+00   -9.9974E-01   -4.9750E-06   -2.0311E-06   -2.1793E-05
  462    0.0000E+00    0.0000E+00   -9.9971E-01   -2.1669E-06   -5.0919E-06   -2.1201E-05
  463    0.0000E+00    0.0000E+00   -9.9984E-01   -3.7518E-06    3.6721E-06   -2.2282E-05
  464    0.0000E+00    0.0000E+00   -9.9925E-01   -3.7104E-07    4.5675E-06   -2.4436E-05
  465    0.0000E+00    0.0000E+00   -9.9917E-01    1.6704E-07   -4.5029E-06   -2.4804E-05
  466    0.0000E+00    0.0000E+00   -9.9948E-01    4.5406E-06   -2.8087E-06   -2.1934E-05
  467    0.0000E+00    0.0000E+00   -9.9913E-01   -3.8572E-06   -2.6705E-06   -2.4138E-05
  468    0.0000E+00    0.0000E+00   -9.9962E-01    7.1952E-08   -5.0464E-06   -2.2912E-05
  469    0.0000E+00    0.0000E+00   -9.9966E-01   -1.1492E-07   -5.0365E-06   -2.2837E-05
  470    0.0000E+00    0.0000E+00   -9.9956E-01   -4.7254E-06   -2.8603E-07   -2.4099E-05
  471    0.0000E+00    0.0000E+00   -9.9930E-01   -3.6674E-06    1.3073E-06   -2.6199E-05
  472    0.0000E+00    0.0000E+00   -9.9907E-01   -4.4543E-06   -4.1717E-07   -2.4840E-05
  473    0.0000E+00    0.0000E+00   -9.9954E-01   -2.8122E-06   -3.7357E-06   -2.4202E-05
  474    0.0000E+00    0.0000E+00   -9.9935E-01   -3.7364E-06    2.0757E-06   -2.5212E-05
  475    0.0000E+00    0.0000E+00   -9.9955E-01   -3.1027E-06   -3.5606E-06   -2.4144E-05
  476    0.0000E+00    0.0000E+00   -9.9924E-01   -4.0765E-06   -2.2679E-06   -2.4215E-05
  477    0.0000E+00    0.0000E+00   -9.9897E-01   -3.8462E-06    8.2781E-07   -2.6180E-05
  478    0.0000E+00    0.0000E+00   -9.9932E-01   -4.3560E-06   -1.2353E-07   -2.5111E-05
  479    0.0000E+00    0.0000E+00   -9.9939E-01   -3.9442E-06   -2.4483E-06   -2.4270E-05
  480    0.0000E+00    0.0000E+00   -9.9922E-01   -3.5115E-06   -1.9393E-06   -2.5988E-05
  481    0.0000E+00    0.0000E+00   -9.9959E-01   -3.3019E-06   -2.3918E-06   -2.5783E-05
  482    0.0000E+00    0.0000E+00   -9.9980E-01   -4.1943E-06   -2.1631E-06   -2.4188E-05
  483    0.0000E+00    0.0000E+00   -9.9931E-01   -3.9680E-06    1.2093E-07   -2.6074E-05
  484    0.0000E+00    0.0000E+00   -9.9932E-01   -3.3229E-06   -2.4670E-06   -2.5659E-05
  485    0.0000E+00    0.0000E+00   -9.9935E-01   -3.4508E-06   -2.4446E-07   -2.7181E-05
  486    0.0000E+00    0.0000E+00   -9.9940E-01   -3.9858E-06   -2.4658E-06   -2.4178E-05
  487    0.0000E+00    0.0000E+00   -9.9949E-01   -2.8978E-06   -2.7847E-06   -2.5975E-05
  488    0.0000E+00    0.0000E+00   -9.9975E-01   -1.7033E-06   -4.5448E-06   -2.3660E-05
  489    0.0000E+00    0.0000E+00   -9.9953E-01   -8.2401E-07   -4.5944E-06   -2.4274E-05
  490    0.0000E+00    0.0000E+00   -9.9943E-01   -2.4469E-06   -2.4720E-06   -2.7132E-05
  491    0.0000E+00    0.0000E+00   -9.9901E-01    1.2166E-06   -3.5667E-06   -2.6404E-05
  492    0.0000E+00    0.0000E+00   -9.9955E-01   -4.7636E-06    5.3425E-07   -2.3969E-05
  493    0.0000E+00    0.0000E+00   -9.9955E-01   -2.3444E-06   -3.7767E-06   -2.4912E-05
  494    0.0000E+00    0.0000E+00   -9.9905E-01   -2.0625E-06   -3.1110E-06   -2.6620E-05
  495    0.0000E+00    0.0000E+00   -9.9913E-01   -3.3599E-06   -2.1407E-06   -2.6004E-05
  496    0.0000E+00    0.0000E+00   -9.9956E-01   -3.7867E-06   -1.6011E-06   -2.5671E-05
  497    0.0000E+00    0.0000E+00   -9.9951E-01   -3.3959E-06   -2.0951E-06   -2.5925E-05
  498    0.0000E+00    0.0000E+00   -9.9974E-01   -9.0542E-08   -4.5019E-06   -2.4552E-05
  499    0.0000E+00    0.0000E+00   -9.9995E-01   -4.0231E-06   -2.5143E-06   -2.3899E-05
  500    0.0000E+00    0.0000E+00   -9.9974E-01   -3.5666E-06    3.1993E-06   -2.3706E-05
  501    0.0000E+00    0.0000E+00   -9.9963E-01   -4.2227E-06   -1.1080E-06   -2.5034E-05
  502    0.0000E+00    0.0000E+00   -9.9961E-01   -9.0959E-07   -4.4214E-06   -2.4677E-05
  503    0.0000E+00    0.0000E+00   -9.9976E-01   -3.7679E-06    2.3369E-06   -2.4885E-05
  504    0.0000E+00    0.0000E+00   -9.9983E-01   -2.4082E-08   -5.0939E-06   -2.2716E-05
  505    0.0000E+00    0.0000E+00   -9.9921E-01   -4.4932E-06   -5.7401E-07   -2.4603E-05
  506    0.0000E+00    0.0000E+00   -9.9973E-01   -4.3800E-06    2.4879E-06   -2.2931E-05
  507    0.0000E+00    0.0000E+00   -9.9965E-01   -4.0972E-06    1.6010E-06   -2.4995E-05
  508    0.0000E+00    0.0000E+00   -9.9995E-01   -6.8105E-06   -3.1852E-07   -1.4189E-05
  509    0.0000E+00    0.0000E+00   -9.9996E-01    2.0216E-06    5.7678E-06   -1.8326E-05
  510    0.0000E+00    0.0000E+00   -9.9958E-01   -2.3000E-06   -3.7155E-06   -2.5061E-05
  511    0.0000E+00    0.0000E+00   -9.9934E-01   -1.4595E-06   -3.7411E-06   -2.5992E-05
  512    0.0000E+00    0.0000E+00   -9.9860E-01    3.3849E-06    5.8247E-07   -2.7280E-05
  513    0.0000E+00    0.0000E+00   -9.9882E-01   -2.8134E-06    1.4989E-07   -2.8288E-05
  514    0.0000E+00    0.0000E+00   -9.9923E-01   -2.9295E-06   -1.7550E-06   -2.7259E-05
  515    0.0000E+00    0.0000E+00   -9.9896E-01   -2.3352E-06   -1.4169E-06   -2.8385E-05
  516    0.0000E+00    0.0000E+00   -9.9874E-01    2.8590E-07   -3.0964E-06   -2.7781E-05
  517    0.0000E+00    0.0000E+00   -9.9976E-01   -3.9384E-06   -1.1565E-06   -2.5768E-05
  518    0.0000E+00    0.0000E+00   -9.9944E-01    2.1482E-06   -3.0651E-06   -2.6600E-05
  519    0.0000E+00    0.0000E+00   -9.9983E-01    1.6814E-06   -3.7489E-06   -2.5774E-05
  520    0.0000E+00    0.0000E+00   -9.9900E-01   -3.0299E-06   -2.7236E-06   -2.5861E-05
  521    0.0000E+00    0.0000E+00   -9.9891E-01   -2.6576E-06   -7.1800E-07   -2.8373E-05
  522    0.0000E+00    0.0000E+00   -9.9949E-01   -3.5028E-06    1.2519E-06   -2.6598E-05
  523    0.0000E+00    0.0000E+00   -9.9917E-01   -3.9748E-06    5.1027E-07   -2.6032E-05
  524    0.0000E+00    0.0000E+00   -9.9865E-01   -2.3145E-06   -1.3435E-06   -2.8471E-05
  525    0.0000E+00    0.0000E+00   -9.9975E-01   -1.4750E-07   -4.4337E-06   -2.4873E-05
  526    0.0000E+00    0.0000E+00   -9.9972E-01   -2.3870E-06    2.0905E-06   -2.7706E-05
  527    0.0000E+00    0.0000E+00   -9.9986E-01    6.6520E-07   -3.8470E-06   -2.6213E-05
  528    0.0000E+00    0.0000E+00   -9.9980E-01    5.6215E-07   -4.4281E-06   -2.4790E-05
  529    0.0000E+00    0.0000E+00   -9.9960E-01   -4.1333E-06   -1.8045E-06   -2.4562E-05
  530    0.0000E+00    0.0000E+00   -9.9969E-01   -4.2190E-06    3.0816E-06   -2.2435E-05
  531    0.0000E+00    0.0000E+00   -9.9965E-01   -4.3308E-06   -2.1261E-06   -2.3804E-05
  532    0.0000E+00    0.0000E+00   -9.9911E-01   -2.2531E-06    1.0926E-06   -2.8716E-05
  533    0.0000E+00    0.0000E+00   -9.9954E-01    1.9809E-07   -3.1850E-06   -2.7656E-05
  534    0.0000E+00    0.0000E+00   -9.9884E-01   -2.4797E-06    1.8404E-06   -2.7800E-05
  535    0.0000E+00    0.0000E+00   -9.9949E-01    1.2557E-06   -3.1485E-06   -2.7309E-05
  536    0.0000E+00    0.0000E+00   -9.9957E-01   -5.5606E-07   -3.7704E-06   -2.6383E-05
  537    0.0000E+00    0.0000E+00   -9.9972E-01   -2.2303E-06   -3.4197E-06   -2.5714E-05
  538    0.0000E+00    0.0000E+00   -9.9959E-01   -3.0063E-06    3.0970E-06   -2.5202E-05
  539    0.0000E+00    0.0000E+00   -9.9890E-01   -2.6549E-06   -2.0508E-06   -2.7357E-05
  540    0.0000E+00    0.0000E+00   -9.9946E-01   -2.0466E-06   -1.8616E-06   -2.8347E-05
  541    0.0000E+00    0.0000E+00   -9.9924E-01   -1.6887E-06   -2.4788E-06   -2.7991E-05
  542    0.0000E+00    0.0000E+00   -9.9981E-01    9.5358E-08   -5.0970E-06   -2.2697E-05
  543    0.0000E+00    0.0000E+00   -9.9962E-01   -2.8296E-06   -4.8583E-06   -2.0920E-05
  544    0.0000E+00    0.0000E+00   -9.9981E-01   -1.9664E-07   -5.0131E-06   -2.2957E-05
  545    0.0000E+00    0.0000E+00   -9.9996E-01   -4.4731E-06   -2.7779E-06   -2.2090E-05
  546    0.0000E+00    0.0000E+00   -9.9983E-01   -1.4905E-06   -3.8592E-06   -2.5695E-05
  547    0.0000E+00    0.0000E+00   -9.9952E-01   -3.2838E-06    1.7810E-06   -2.6538E-05
  548    0.0000E+00    0.0000E+00   -9.9921E-01   -3.1645E-06   -1.2225E-06   -2.7303E-05
  549    0.0000E+00    0.0000E+00   -9.9905E-01   -2.6588E-06   -2.1050E-06   -2.7304E-05
  550    0.0000E+00    0.0000E+00   -9.9911E-01   -3.2080E-06   -2.4553E-06   -2.5908E-05
  551    0.0000E+00    0.0000E+00   -9.9894E-01   -3.1472E-06   -2.7010E-06   -2.5684E-05
  552    0.0000E+00    0.0000E+00   -9.9903E-01   -3.0754E-06   -4.4228E-07   -2.7752E-05
  553    0.0000E+00    0.0000E+00   -9.9979E-01    2.6247E-07   -4.4403E-06   -2.4813E-05
  554    0.0000E+00    0.0000E+00   -9.9910E-01   -3.1678E-06   -8.7427E-07   -2.7516E-05
  555    0.0000E+00    0.0000E+00   -9.9985E-01   -1.5973E-06   -4.0590E-06   -2.5000E-05
  556    0.0000E+00    0.0000E+00   -9.9896E-01    1.7379E-06    2.5878E-06   -2.7861E-05
  557    0.0000E+00    0.0000E+00   -9.9956E-01   -2.6676E-06    1.8319E-06   -2.7613E-05
  558    0.0000E+00    0.0000E+00   -9.9837E-01   -2.1204E-07    8.9439E-08   -3.0298E-05
  559    0.0000E+00    0.0000E+00   -9.9978E-01    4.5079E-07   -3.7914E-06   -2.6444E-05
  560    0.0000E+00    0.0000E+00   -9.9982E-01   -3.0770E-06   -2.4467E-06   -2.6122E-05
  561    0.0000E+00    0.0000E+00   -9.9935E-01   -1.2251E-06    2.3985E-06   -2.8487E-05
  562    0.0000E+00    0.0000E+00   -9.9925E-01   -2.2719E-06    1.1746E-06   -2.8628E-05
  563    0.0000E+00    0.0000E+00   -9.9886E-01   -2.0243E-06    1.0292E-07   -2.9285E-05
  564    0.0000E+00    0.0000E+00   -9.9955E-01   -3.4673E-06   -8.4802E-07   -2.6905E-05
  565    0.0000E+00    0.0000E+00   -9.9955E-01   -3.0647E-06   -1.4212E-06   -2.7274E-05
  566    0.0000E+00    0.0000E+00   -9.9968E-01   -4.3283E-06   -1.7653E-06   -2.4210E-05
  567    0.0000E+00    0.0000E+00   -9.9972E-01   -1.7027E-06    3.0906E-06   -2.7023E-05
  568    0.0000E+00    0.0000E+00   -9.9942E-01    8.9240E-07   -2.5027E-06   -2.8513E-05
  569    0.0000E+00    0.0000E+00   -9.9936E-01   -2.7604E-06    1.4022E-06   -2.7804E-05
  570    0.0000E+00    0.0000E+00   -9.9989E-01   -5.3396E-06   -2.6536E-06   -1.9315E-05
  571    0.0000E+00    0.0000E+00   -9.9943E-01   -4.2269E-06   -3.3889E-06   -2.1844E-05
  572    0.0000E+00    0.0000E+00   -9.9917E-01   -2.8444E-06   -1.6869E-06   -2.7422E-05
  573    0.0000E+00    0.0000E+00   -9.9881E-01   -1.3805E-06   -1.4466E-08   -2.9847E-05
  574    0.0000E+00    0.0000E+00   -9.9983E-01   -5.3909E-07   -3.6800E-06   -2.6517E-05
  575    0.0000E+00    0.0000E+00   -9.9939E-01   -3.5994E-06   -3.8459E-07   -2.6843E-05
  576    0.0000E+00    0.0000E+00   -9.9943E-01   -3.6364E-06   -3.0501E-06   -2.4007E-05
  577    0.0000E+00    0.0000E+00   -9.9965E-01   -3.6427E-06    2.7223E-06   -2.4581E-05
  578    0.0000E+00    0.0000E+00   -9.9984E-01    5.9767E-07   -5.1207E-06   -2.2693E-05
  579    0.0000E+00    0.0000E+00   -9.9955E-01   -3.5759E-06    3.4654E-06   -2.3122E-05
  580    0.0000E+00    0.0000E+00   -9.9922E-01    1.9096E-06   -3.5789E-06   -2.5847E-05
  581    0.0000E+00    0.0000E+00   -9.9979E-01    3.7039E-07   -4.4787E-06   -2.4701E-05
  582    0.0000E+00    0.0000E+00   -9.9951E-01   -3.5828E-06   -1.9189E-06   -2.5836E-05
  583    0.0000E+00    0.0000E+00   -9.9907E-01   -3.1560E-06   -4.8593E-07   -2.7620E-05
  584    0.0000E+00    0.0000E+00   -9.9942E-01    3.3007E-08   -3.1470E-06   -2.7759E-05
  585    0.0000E+00    0.0000E+00   -9.9943E-01   -2.1477E-06   -2.9083E-06   -2.6830E-05
  586    0.0000E+00    0.0000E+00   -9.9908E-01    2.1544E-06   -3.4713E-06   -2.5806E-05
  587    0.0000E+00    0.0000E+00   -9.9940E-01    3.5771E-06    1.2074E-06   -2.6553E-05
  588    0.0000E+00    0.0000E+00   -9.9976E-01    4.2281E-07   -3.7554E-06   -2.6479E-05
  589    0.0000E+00    0.0000E+00   -9.9885E-01   -2.5626E-06    9.4185E-07   -2.8389E-05
  590    0.0000E+00    0.0000E+00   -9.9928E-01    4.9150E-07   -2.4823E-06   -2.8684E-05
  591    0.0000E+00    0.0000E+00   -9.9903E-01   -2.1032E-06   -3.8417E-07   -2.9171E-05
  592    0.0000E+00    0.0000E+00   -9.9912E-01   -1.8631E-06    4.3908E-07   -2.9402E-05
  593    0.0000E+00    0.0000E+00   -9.9926E-01   -2.6664E-06   -8.6950E-07   -2.8259E-05
  594    0.0000E+00    0.0000E+00   -9.9895E-01    5.1522E-07   -2.4832E-06   -2.8668E-05
  595    0.0000E+00    0.0000E+00   -9.9979E-01   -2.1442E-07   -3.1126E-06   -2.7745E-05
  596    0.0000E+00    0.0000E+00   -9.9945E-01    1.6631E-06   -2.4976E-06   -2.7986E-05
  597    0.0000E+00    0.0000E+00   -9.9936E-01    2.4139E-06   -2.5386E-06   -2.7064E-05
  598    0.0000E+00    0.0000E+00   -9.9946E-01   -1.2815E-06   -1.8502E-06   -2.9041E-05
  599    0.0000E+00    0.0000E+00   -9.9925E-01   -8.3109E-07   -2.5284E-06   -2.8505E-05
  600    0.0000E+00    0.0000E+00   -9.9882E-01   -7.2876E-07    1.1043E-06   -2.9881E-05
  601    0.0000E+00    0.0000E+00   -9.9953E-01   -1.6868E-06   -1.1955E-06   -2.9242E-05
  602    0.0000E+00    0.0000E+00   -9.9946E-01   -3.5591E-06    2.5815E-07   -2.6914E-05
  603    0.0000E+00    0.0000E+00   -9.9987E-01   -2.5434E-06   -2.9492E-06   -2.6228E-05
  604    0.0000E+00    0.0000E+00   -9.9951E-01    4.8968E-06   -5.5172E-07   -2.3482E-05
  605    0.0000E+00    0.0000E+00   -9.9919E-01   -3.6339E-06   -6.7938E-07   -2.6638E-05
  606    0.0000E+00    0.0000E+00   -9.9988E-01   -4.9110E-06   -1.2591E-06   -2.2828E-05
  607    0.0000E+00    0.0000E+00   -9.9952E-01   -4.0815E-06   -1.1978E-06   -2.5343E-05
  608    0.0000E+00    0.0000E+00   -9.9892E-01    3.5154E-06   -2.7611E-07   -2.7071E-05
  609    0.0000E+00    0.0000E+00   -9.9866E-01   -1.5780E-06   -1.7748E-07   -2.9680E-05
  610    0.0000E+00    0.0000E+00   -9.9899E-01   -1.8617E-06    1.2569E-06   -2.9032E-05
  611    0.0000E+00    0.0000E+00   -9.9957E-01    9.9311E-07   -3.1150E-06   -2.7535E-05
  612    0.0000E+00    0.0000E+00   -9.9925E-01   -2.3255E-06   -1.3585E-06   -2.8461E-05
  613    0.0000E+00    0.0000E+00   -9.9954E-01   -1.8777E-06   -2.1448E-06   -2.8226E-05
  614    0.0000E+00    0.0000E+00   -9.9968E-01    3.4038E-06    1.9983E-06   -2.6143E-05
  615    0.0000E+00    0.0000E+00   -9.9975E-01   -2.8624E-06   -1.6362E-06   -2.7441E-05
  616    0.0000E+00    0.0000E+00   -9.9971E-01    3.3360E-06   -4.6863E-07   -2.7318E-05
  617    0.0000E+00    0.0000E+00   -9.9882E-01   -2.1823E-07   -2.5719E-06   -2.8614E-05
  618    0.0000E+00    0.0000E+00   -9.9868E-01    1.5933E-06   -1.0605E-07   -2.9673E-05
  619    0.0000E+00    0.0000E+00   -9.9902E-01   -2.0502E-06    1.4276E-06   -2.8731E-05
  620    0.0000E+00    0.0000E+00   -9.9985E-01   -2.2169E-06   -1.7062E-06   -2.8306E-05
  621    0.0000E+00    0.0000E+00   -9.9950E-01   -1.4844E-06    1.1209E-06   -2.9457E-05
  622    0.0000E+00    0.0000E+00   -9.9924E-01   -2.7282E-06    1.2281E-06   -2.7979E-05
  623    0.0000E+00    0.0000E+00   -9.9956E-01    3.0567E-06   -1.1139E-06   -2.7587E-05
  624    0.0000E+00    0.0000E+00   -9.9944E-01   -2.7762E-07   -2.5066E-06   -2.8676E-05
  625    0.0000E+00    0.0000E+00   -9.9967E-01   -2.0812E-06   -1.8300E-06   -2.8348E-05
  626    0.0000E+00    0.0000E+00   -9.9951E-01   -1.6951E-06    2.1247E-06   -2.8390E-05
  627    0.0000E+00    0.0000E+00   -9.9915E-01   -1.2609E-06    1.5123E-06   -2.9331E-05
  628    0.0000E+00    0.0000E+00   -9.9979E-01   -1.4102E-06   -2.8767E-06   -2.7678E-05
  629    0.0000E+00    0.0000E+00   -9.9944E-01   -4.7367E-07   -2.9668E-06   -2.7970E-05
  630    0.0000E+00    0.0000E+00   -9.9946E-01   -1.1958E-06   -1.7515E-06   -2.9204E-05
  631    0.0000E+00    0.0000E+00   -9.9919E-01   -1.1010E-06    4.0973E-07   -2.9977E-05
  632    0.0000E+00    0.0000E+00   -9.9949E-01    1.3248E-06   -1.8249E-06   -2.9035E-05
  633    0.0000E+00    0.0000E+00   -9.9931E-01    2.0471E-06   -1.8684E-06   -2.8325E-05
  634    0.0000E+00    0.0000E+00   -9.9925E-01   -3.7417E-07   -1.8833E-06   -2.9413E-05
  635    0.0000E+00    0.0000E+00   -9.9889E-01   -1.6316E-06   -1.2964E-06   -2.9220E-05
  636    0.0000E+00    0.0000E+00   -9.9966E-01   -3.0654E-06    2.3957E-06   -2.6208E-05
  637    0.0000E+00    0.0000E+00   -9.9957E-01   -2.0239E-06    2.3552E-06   -2.7768E-05
  638    0.0000E+00    0.0000E+00   -9.9945E-01   -2.3720E-06   -1.3516E-06   -2.8398E-05
  639    0.0000E+00    0.0000E+00   -9.9904E-01   -1.9566E-06   -2.0196E-06   -2.8272E-05
  640    0.0000E+00    0.0000E+00   -9.9943E-01   -2.2596E-06    5.2286E-07   -2.8960E-05
  641    0.0000E+00    0.0000E+00   -9.9952E-01    5.7699E-07   -2.4512E-06   -2.8707E-05
  642    0.0000E+00    0.0000E+00   -9.9947E-01   -1.9787E-06   -2.0266E-06   -2.8235E-05
  643    0.0000E+00    0.0000E+00   -9.9914E-01   -2.1781E-06   -1.7280E-07   -2.9136E-05
  644    0.0000E+00    0.0000E+00   -9.9948E-01   -1.9151E-06   -8.4777E-07   -2.9202E-05
  645    0.0000E+00    0.0000E+00   -9.9940E-01   -1.4406E-06   -1.6154E-06   -2.9145E-05
  646    0.0000E+00    0.0000E+00   -9.9963E-01   -2.0802E-06    2.5278E-06   -2.7540E-05
  647    0.0000E+00    0.0000E+00   -9.9963E-01   -2.8132E-06   -1.8146E-07   -2.8269E-05
  648    0.0000E+00    0.0000E+00   -9.9920E-01    6.9367E-07    3.4654E-06   -2.7073E-05
  649    0.0000E+00    0.0000E+00   -9.9967E-01   -3.2679E-06   -2.5321E-06   -2.5634E-05
  650    0.0000E+00    0.0000E+00   -9.9990E-01    1.9110E-06   -4.9800E-06   -2.2252E-05
  651    0.0000E+00    0.0000E+00   -9.9962E-01   -2.2652E-06   -4.7758E-06   -2.2204E-05
  652    0.0000E+00    0.0000E+00   -9.9927E-01   -2.7083E-06   -1.0738E-06   -2.8097E-05
  653    0.0000E+00    0.0000E+00   -9.9976E-01    9.2303E-07   -3.0882E-06   -2.7614E-05
  654    0.0000E+00    0.0000E+00   -9.9970E-01   -5.2257E-07   -3.1589E-06   -2.7604E-05
  655    0.0000E+00    0.0000E+00   -9.9989E-01   -3.0988E-06   -1.2875E-06   -2.7332E-05
  656    0.0000E+00    0.0000E+00   -9.9959E-01   -1.7527E-06    1.7605E-06   -2.8754E-05
  657    0.0000E+00    0.0000E+00   -9.9943E-01   -1.8236E-06   -8.4692E-07   -2.9295E-05
  658    0.0000E+00    0.0000E+00   -9.9953E-01   -1.7507E-06    1.0940E-07   -2.9544E-05
  659    0.0000E+00    0.0000E+00   -9.9977E-01   -1.3180E-06   -5.1863E-07   -2.9823E-05
  660    0.0000E+00    0.0000E+00   -9.9881E-01   -2.0004E-06   -2.0572E-07   -2.9260E-05
  661    0.0000E+00    0.0000E+00   -9.9962E-01   -2.3058E-06   -2.3054E-07   -2.8928E-05
  662    0.0000E+00    0.0000E+00   -9.9987E-01   -2.7711E-06   -1.6453E-06   -2.7586E-05
  663    0.0000E+00    0.0000E+00   -9.9980E-01   -2.1344E-07    2.4840E-06   -2.8736E-05
  664    0.0000E+00    0.0000E+00   -9.9885E-01   -6.8336E-07   -2.0433E-07   -3.0191E-05
  665    0.0000E+00    0.0000E+00   -9.9934E-01    2.3340E-07   -1.7506E-06   -2.9535E-05
  666    0.0000E+00    0.0000E+00   -9.9955E-01    8.6125E-07   -1.2111E-06   -2.9774E-05
  667    0.0000E+00    0.0000E+00   -9.9938E-01    2.0531E-06   -5.0659E-07   -2.9198E-05
  668    0.0000E+00    0.0000E+00   -9.9973E-01   -3.3314E-06   -1.0536E-06   -2.7081E-05
  669    0.0000E+00    0.0000E+00   -9.9977E-01   -8.4699E-07    2.1681E-06   -2.8915E-05
  670    0.0000E+00    0.0000E+00   -9.9972E-01   -4.1576E-06    2.0580E-06   -2.4428E-05
  671    0.0000E+00    0.0000E+00   -9.9995E-01   -5.0500E-07    4.1371E-06   -2.5595E-05
  672    0.0000E+00    0.0000E+00   -9.9975E-01    2.4589E-06   -4.2464E-06   -2.3567E-05
  673    0.0000E+00    0.0000E+00   -9.9996E-01   -5.2453E-06   -1.1148E-06   -2.1915E-05
  674    0.0000E+00    0.0000E+00   -9.9990E-01   -2.3306E-06   -3.8397E-06   -2.4732E-05
  675    0.0000E+00    0.0000E+00   -9.9991E-01   -2.8353E-06    3.0283E-06   -2.5592E-05
  676    0.0000E+00    0.0000E+00   -9.9985E-01   -1.5130E-06   -3.3105E-06   -2.6775E-05
  677    0.0000E+00    0.0000E+00   -9.9990E-01   -2.4190E-06    2.3701E-06   -2.7281E-05
  678    0.0000E+00    0.0000E+00   -9.9919E-01   -2.3410E-06   -2.6802E-07   -2.8872E-05
  679    0.0000E+00    0.0000E+00   -9.9939E-01    1.1863E-06   -2.4827E-06   -2.8359E-05
  680    0.0000E+00    0.0000E+00   -9.9932E-01   -1.1521E-06   -8.5257E-07   -2.9808E-05
  681    0.0000E+00    0.0000E+00   -9.9906E-01    1.5074E-07   -4.6999E-07   -3.0257E-05
  682    0.0000E+00    0.0000E+00   -9.9981E-01   -4.0016E-06    2.7686E-07   -2.5926E-05
  683    0.0000E+00    0.0000E+00   -9.9998E-01   -1.5057E-06    3.2846E-06   -2.6839E-05
  684    0.0000E+00    0.0000E+00   -9.9978E-01    4.7423E-07   -2.4659E-06   -2.8710E-05
  685    0.0000E+00    0.0000E+00   -9.9986E-01   -1.5565E-06   -2.7426E-06   -2.7691E-05
  686    0.0000E+00    0.0000E+00   -9.9962E-01   -1.0029E-06   -2.2210E-06   -2.8802E-05
  687    0.0000E+00    0.0000E+00   -9.9987E-01   -2.4576E-06   -6.4631E-07   -2.8674E-05
  688    0.0000E+00    0.0000E+00   -9.9984E-01   -5.5404E-07   -1.7781E-06   -2.9448E-05
  689    0.0000E+00    0.0000E+00   -9.9987E-01    2.9561E-07   -1.8706E-06   -2.9431E-05
  690    0.0000E+00    0.0000E+00   -9.9943E-01    4.9134E-07    2.0218E-06   -2.9246E-05
  691    0.0000E+00    0.0000E+00   -9.9994E-01    1.0953E-07   -2.5462E-06   -2.8664E-05
  692    0.0000E+00    0.0000E+00   -9.9983E-01   -1.4413E-06   -1.4977E-06   -2.9226E-05
  693    0.0000E+00    0.0000E+00   -9.9934E-01   -3.8100E-08   -1.0504E-06   -3.0041E-05
  694    0.0000E+00    0.0000E+00   -9.9958E-01   -1.8173E-07   -1.1453E-06   -2.9988E-05
  695    0.0000E+00    0.0000E+00   -9.9960E-01    1.5583E-08   -1.8186E-06   -2.9505E-05
  696    0.0000E+00    0.0000E+00   -9.9919E-01   -5.0522E-07   -4.0149E-07   -3.0207E-05
  697    0.0000E+00    0.0000E+00   -9.9958E-01   -5.4658E-07   -4.9752E-07   -3.0184E-05
  698    0.0000E+00    0.0000E+00   -9.9978E-01   -2.3905E-06   -3.7830E-06   -2.4824E-05
  699    0.0000E+00    0.0000E+00   -9.9999E-01   -4.3410E-06    6.3349E-07   -2.5034E-05
  700    0.0000E+00    0.0000E+00   -9.9916E-01    1.0492E-07   -1.5224E-06   -2.9728E-05
  701    0.0000E+00    0.0000E+00   -9.9913E-01    5.9861E-07   -1.0851E-06   -2.9934E-05
  702    0.0000E+00    0.0000E+00   -9.9939E-01   -6.6333E-07    1.4785E-06   -2.9653E-05
  703    0.0000E+00    0.0000E+00   -9.9893E-01    1.1898E-08    9.8297E-07   -3.0081E-05
  704    0.0000E+00    0.0000E+00   -9.9961E-01   -3.9136E-07   -1.1665E-06   -2.9945E-05
  705    0.0000E+00    0.0000E+00   -9.9984E-01   -9.8192E-07   -8.7857E-07   -2.9884E-05
  706    0.0000E+00    0.0000E+00   -9.9935E-01    8.7354E-07    1.2526E-07   -3.0119E-05
  707    0.0000E+00    0.0000E+00   -9.9930E-01   -1.4645E-07   -4.9007E-07   -3.0249E-05
  708    0.0000E+00    0.0000E+00   -9.9932E-01    4.9095E-07   -1.1312E-06   -2.9940E-05
  709    0.0000E+00    0.0000E+00   -9.9983E-01   -8.4086E-07    1.2409E-08   -3.0144E-05
  710    0.0000E+00    0.0000E+00   -9.9989E-01    1.1920E-06   -6.7708E-07   -2.9855E-05
  711    0.0000E+00    0.0000E+00   -9.9969E-01    7.6815E-07   -1.8277E-06   -2.9320E-05
  712    0.0000E+00    0.0000E+00   -9.9991E-01   -1.8903E-06    2.0445E-06   -2.8290E-05
  713    0.0000E+00    0.0000E+00   -9.9971E-01   -1.2346E-06    1.6013E-06   -2.9252E-05
  714    0.0000E+00    0.0000E+00   -9.9956E-01    9.3882E-07   -5.1185E-07   -3.0032E-05
  715    0.0000E+00    0.0000E+00   -9.9963E-01   -3.5812E-07    4.1727E-07   -3.0241E-05
  716    0.0000E+00    0.0000E+00   -9.9995E-01    9.5408E-07   -3.7772E-06   -2.6251E-05
  717    0.0000E+00    0.0000E+00   -9.9999E-01   -3.5626E-06    1.6300E-06   -2.6195E-05
  718    0.0000E+00    0.0000E+00   -9.9975E-01   -6.1318E-07   -1.5296E-06   -2.9634E-05
  719    0.0000E+00    0.0000E+00   -9.9994E-01   -1.6612E-06   -6.2899E-07   -2.9526E-05
  720    0.0000E+00    0.0000E+00   -9.9990E-01   -5.2369E-07   -3.4621E-08   -3.0243E-05
  721    0.0000E+00    0.0000E+00   -9.9992E-01    1.2380E-08   -1.6546E-07   -3.0308E-05
  722    0.0000E+00    0.0000E+00   -9.9969E-01   -1.1600E-06    7.3884E-07   -2.9847E-05
  723    0.0000E+00    0.0000E+00   -9.9997E-01    8.4857E-07    6.6486E-08   -3.0140E-05
  724    0.0000E+00    0.0000E+00   -9.9997E-01   -1.3263E-06   -1.2842E-06   -2.9460E-05
  725    0.0000E+00    0.0000E+00   -1.0000E+00    5.8996E-07    7.2884E-07   -3.0098E-05
  726    0.0000E+00    0.0000E+00   -9.9997E-01    7.2494E-07    1.4634E-06   -2.9640E-05
  727    0.0000E+00    0.0000E+00   -1.0000E+00   -1.2957E-06   -1.9642E-06   -2.8891E-05
  728    0.0000E+00    0.0000E+00   -9.9981E-01   -4.9944E-07   -3.6544E-06   -2.6702E-05
  729    0.0000E+00    0.0000E+00   -9.9965E-01    1.9078E-06   -3.2432E-06   -2.6551E-05
  730    0.0000E+00    0.0000E+00   -9.9996E-01   -2.2686E-06   -3.3688E-06   -2.5827E-05
  731    0.0000E+00    0.0000E+00   -1.0000E+00    3.4205E-07    3.4894E-06   -2.7129E-05
