 *************************************************************************
 ************		    DDM3D_tri_part1		                    **********
 ************	        Algorithm developed by                  **********
 ************	 Kuriyama et al.(1993) and Tang et al. (2019)   **********
 ************	   Codes developed by Wong and Cui (2021)	    **********
 ************	       DDFS3D (version 1.0), 31-5-2021		    **********
 *************************************************************************
 Title: Penny shape crack (section S3-1 of the companion paper) to verify the triangular element                                 
 Modulus=  4.0000E+04  Poison ratio=    0.2500  KS=  0.0000E+00  KN=  0.0000E+00
 Initial stress field:
 Pxx=  0.0000E+00 Pyy=  0.0000E+00 Pzz=  0.0000E+00
 Pxy=  0.0000E+00 Pxz=  0.0000E+00 Pyz=  0.0000E+00
 Number of elements:       731
 Number of nodes   :       398
 Times of iteration:        54
 Computing time    :     10.65 s
 Coordinates of center of gravity and displacement discontinuities of each element:
  No.	     Gx            Gy            Gz            Dx            Dy           Dz 
    1    3.4301E-01    8.7496E-01    0.0000E+00    0.0000E+00    0.0000E+00   -2.3223E-05
    2   -1.4651E-01    8.4303E-01    0.0000E+00    0.0000E+00    0.0000E+00   -3.2918E-05
    3   -3.5607E-01    9.0211E-01    0.0000E+00    0.0000E+00    0.0000E+00   -1.8454E-05
    4   -6.0749E-01    7.6183E-01    0.0000E+00    0.0000E+00    0.0000E+00   -1.7304E-05
    5   -7.4652E-01    6.2640E-01    0.0000E+00    0.0000E+00    0.0000E+00   -1.7239E-05
    6   -6.9937E-01    5.4821E-01    0.0000E+00    0.0000E+00    0.0000E+00   -2.9480E-05
    7   -7.9313E-01    3.9903E-01    0.0000E+00    0.0000E+00    0.0000E+00   -2.9606E-05
    8   -8.3166E-01    1.8140E-01    0.0000E+00    0.0000E+00    0.0000E+00   -3.3428E-05
    9    8.3334E-01   -9.0395E-02    0.0000E+00    0.0000E+00    0.0000E+00   -3.4346E-05
   10   -8.6379E-01   -2.0342E-01    0.0000E+00    0.0000E+00    0.0000E+00   -2.9513E-05
   11   -8.0796E-01   -3.7116E-01    0.0000E+00    0.0000E+00    0.0000E+00   -2.9572E-05
   12   -6.2073E-01   -7.0323E-01    0.0000E+00    0.0000E+00    0.0000E+00   -2.3308E-05
   13   -3.5937E-01   -8.0095E-01    0.0000E+00    0.0000E+00    0.0000E+00   -3.0644E-05
   14   -3.5276E-01   -9.0209E-01    0.0000E+00    0.0000E+00    0.0000E+00   -1.8937E-05
   15   -2.1644E-01   -8.2565E-01    0.0000E+00    0.0000E+00    0.0000E+00   -3.2890E-05
   16    1.2128E-01   -9.6932E-01    0.0000E+00    0.0000E+00    0.0000E+00   -1.6298E-05
   17   -3.4428E-01   -2.9382E-01    0.0000E+00    0.0000E+00    0.0000E+00   -5.4334E-05
   18    7.5203E-01    3.9326E-01    0.0000E+00    0.0000E+00    0.0000E+00   -3.3335E-05
   19    7.1386E-01    6.6260E-01    0.0000E+00    0.0000E+00    0.0000E+00   -1.7417E-05
   20    5.6653E-01    7.8610E-01    0.0000E+00    0.0000E+00    0.0000E+00   -1.8726E-05
   21    3.0773E-01    9.1892E-01    0.0000E+00    0.0000E+00    0.0000E+00   -1.8715E-05
   22    4.0096E-01   -8.8775E-01    0.0000E+00    0.0000E+00    0.0000E+00   -1.7395E-05
   23    5.6737E-01   -7.8615E-01    0.0000E+00    0.0000E+00    0.0000E+00   -1.8576E-05
   24    4.1516E-01   -7.4293E-01    0.0000E+00    0.0000E+00    0.0000E+00   -3.3364E-05
   25    7.2588E-01   -5.1282E-01    0.0000E+00    0.0000E+00    0.0000E+00   -2.9353E-05
   26    7.9315E-01   -2.7197E-01    0.0000E+00    0.0000E+00    0.0000E+00   -3.4204E-05
   27    8.8734E-01   -1.0851E-02    0.0000E+00    0.0000E+00    0.0000E+00   -2.9542E-05
   28    9.3660E-01    9.4665E-02    0.0000E+00    0.0000E+00    0.0000E+00   -2.3001E-05
   29    9.2184E-01    1.8646E-01    0.0000E+00    0.0000E+00    0.0000E+00   -2.3201E-05
   30    8.7047E-01    4.1920E-01    0.0000E+00    0.0000E+00    0.0000E+00   -1.9271E-05
   31    7.6917E-01    5.8238E-01    0.0000E+00    0.0000E+00    0.0000E+00   -1.9697E-05
   32    5.9999E-01    4.3793E-01    0.0000E+00    0.0000E+00    0.0000E+00   -4.1709E-05
   33    4.7855E-01    7.4059E-01    0.0000E+00    0.0000E+00    0.0000E+00   -3.0176E-05
   34    2.1181E-01    9.4683E-01    0.0000E+00    0.0000E+00    0.0000E+00   -1.8472E-05
   35    4.0636E-01    7.9007E-01    0.0000E+00    0.0000E+00    0.0000E+00   -2.9274E-05
   36    1.3090E-01    8.8062E-01    0.0000E+00    0.0000E+00    0.0000E+00   -2.9236E-05
   37   -7.9237E-04    9.4046E-01    0.0000E+00    0.0000E+00    0.0000E+00   -2.3815E-05
   38   -3.0156E-01    8.9099E-01    0.0000E+00    0.0000E+00    0.0000E+00   -2.3213E-05
   39   -4.4409E-01    8.6729E-01    0.0000E+00    0.0000E+00    0.0000E+00   -1.7285E-05
   40   -4.2548E-01    7.7373E-01    0.0000E+00    0.0000E+00    0.0000E+00   -3.0311E-05
   41   -6.1262E-01    5.8850E-01    0.0000E+00    0.0000E+00    0.0000E+00   -3.3395E-05
   42   -8.8976E-01    3.7500E-01    0.0000E+00    0.0000E+00    0.0000E+00   -1.9480E-05
   43   -9.4978E-01    1.9373E-01    0.0000E+00    0.0000E+00    0.0000E+00   -1.8642E-05
   44   -9.3948E-01   -4.5708E-02    0.0000E+00    0.0000E+00    0.0000E+00   -2.3193E-05
   45   -8.8643E-01    3.1994E-02    0.0000E+00    0.0000E+00    0.0000E+00   -2.9934E-05
   46   -9.2275E-01   -2.8428E-01    0.0000E+00    0.0000E+00    0.0000E+00   -1.9408E-05
   47   -8.5335E-01   -4.6139E-01    0.0000E+00    0.0000E+00    0.0000E+00   -1.8308E-05
   48   -7.4243E-01   -6.2214E-01    0.0000E+00    0.0000E+00    0.0000E+00   -1.8779E-05
   49   -5.2543E-01   -8.1354E-01    0.0000E+00    0.0000E+00    0.0000E+00   -1.8836E-05
   50   -3.8457E-01   -8.5560E-01    0.0000E+00    0.0000E+00    0.0000E+00   -2.3492E-05
   51   -1.5031E-01   -9.5430E-01    0.0000E+00    0.0000E+00    0.0000E+00   -1.9572E-05
   52   -3.3181E-02   -9.3535E-01    0.0000E+00    0.0000E+00    0.0000E+00   -2.4528E-05
   53    7.3212E-02   -9.4460E-01    0.0000E+00    0.0000E+00    0.0000E+00   -2.2134E-05
   54   -2.2937E-02   -8.6820E-01    0.0000E+00    0.0000E+00    0.0000E+00   -3.1684E-05
   55    2.9699E-01   -7.8447E-01    0.0000E+00    0.0000E+00    0.0000E+00   -3.4087E-05
   56    3.9383E-01   -7.9431E-01    0.0000E+00    0.0000E+00    0.0000E+00   -2.9929E-05
   57    7.0775E-01   -6.5679E-01    0.0000E+00    0.0000E+00    0.0000E+00   -1.9437E-05
   58    5.6325E-01   -6.8557E-01    0.0000E+00    0.0000E+00    0.0000E+00   -2.9892E-05
   59    9.0645E-01   -3.3148E-01    0.0000E+00    0.0000E+00    0.0000E+00   -1.9577E-05
   60    9.5345E-01   -1.4335E-01    0.0000E+00    0.0000E+00    0.0000E+00   -1.9887E-05
   61    8.8251E-01   -7.0317E-02    0.0000E+00    0.0000E+00    0.0000E+00   -2.9941E-05
   62    4.2994E-01    8.3671E-01    0.0000E+00    0.0000E+00    0.0000E+00   -2.2912E-05
   63   -5.2361E-01    8.1116E-01    0.0000E+00    0.0000E+00    0.0000E+00   -1.9501E-05
   64   -6.7455E-01    6.9158E-01    0.0000E+00    0.0000E+00    0.0000E+00   -1.9294E-05
   65    3.0767E-01    6.1815E-01    0.0000E+00    0.0000E+00    0.0000E+00   -4.4665E-05
   66   -7.9820E-01    5.4421E-01    0.0000E+00    0.0000E+00    0.0000E+00   -1.9295E-05
   67   -5.1877E-01    6.0245E-01    0.0000E+00    0.0000E+00    0.0000E+00   -3.7996E-05
   68   -8.5574E-01    4.6601E-01    0.0000E+00    0.0000E+00    0.0000E+00   -1.7295E-05
   69   -7.1566E-01    4.5715E-01    0.0000E+00    0.0000E+00    0.0000E+00   -3.3454E-05
   70   -9.3112E-01    2.8690E-01    0.0000E+00    0.0000E+00    0.0000E+00   -1.7320E-05
   71   -7.8590E-01    3.0218E-01    0.0000E+00    0.0000E+00    0.0000E+00   -3.4084E-05
   72   -9.6477E-01    9.4857E-02    0.0000E+00    0.0000E+00    0.0000E+00   -1.8617E-05
   73    2.0373E-01    5.9602E-01    0.0000E+00    0.0000E+00    0.0000E+00   -4.7780E-05
   74   -9.6063E-01   -9.5771E-02    0.0000E+00    0.0000E+00    0.0000E+00   -1.9486E-05
   75   -9.5491E-01   -1.9275E-01    0.0000E+00    0.0000E+00    0.0000E+00   -1.7344E-05
   76   -8.9818E-01   -3.7853E-01    0.0000E+00    0.0000E+00    0.0000E+00   -1.7105E-05
   77   -8.3975E-01   -1.1199E-01    0.0000E+00    0.0000E+00    0.0000E+00   -3.3483E-05
   78   -8.0155E-01   -5.4462E-01    0.0000E+00    0.0000E+00    0.0000E+00   -1.8666E-05
   79   -7.9903E-01   -2.7211E-01    0.0000E+00    0.0000E+00    0.0000E+00   -3.3740E-05
   80    2.1150E-01   -9.4725E-01    0.0000E+00    0.0000E+00    0.0000E+00   -1.8287E-05
   81    3.0711E-01   -9.1386E-01    0.0000E+00    0.0000E+00    0.0000E+00   -1.9923E-05
   82    9.3531E-01    2.3859E-01    0.0000E+00    0.0000E+00    0.0000E+00   -1.9546E-05
   83    9.1550E-01    3.3356E-01    0.0000E+00    0.0000E+00    0.0000E+00   -1.7306E-05
   84    8.3149E-01    5.0777E-01    0.0000E+00    0.0000E+00    0.0000E+00   -1.7357E-05
   85    7.4076E-01    4.8578E-01    0.0000E+00    0.0000E+00    0.0000E+00   -2.9840E-05
   86    6.4358E-01    7.2530E-01    0.0000E+00    0.0000E+00    0.0000E+00   -1.8506E-05
   87    6.2813E-01    6.2476E-01    0.0000E+00    0.0000E+00    0.0000E+00   -3.0050E-05
   88    3.9941E-01    8.8383E-01    0.0000E+00    0.0000E+00    0.0000E+00   -1.8434E-05
   89    3.2339E-01    8.2048E-01    0.0000E+00    0.0000E+00    0.0000E+00   -3.0120E-05
   90    4.8332E-01   -8.4037E-01    0.0000E+00    0.0000E+00    0.0000E+00   -1.8596E-05
   91   -2.4391E-01   -5.3393E-01    0.0000E+00    0.0000E+00    0.0000E+00   -4.9523E-05
   92    6.5632E-01   -6.7405E-01    0.0000E+00    0.0000E+00    0.0000E+00   -2.3166E-05
   93   -4.9468E-01   -5.2139E-01    0.0000E+00    0.0000E+00    0.0000E+00   -4.3111E-05
   94    7.7669E-01   -5.8842E-01    0.0000E+00    0.0000E+00    0.0000E+00   -1.7240E-05
   95    8.2417E-01   -5.0409E-01    0.0000E+00    0.0000E+00    0.0000E+00   -1.9229E-05
   96    8.7760E-01   -4.2331E-01    0.0000E+00    0.0000E+00    0.0000E+00   -1.7263E-05
   97   -6.0611E-01   -3.1882E-01    0.0000E+00    0.0000E+00    0.0000E+00   -4.4991E-05
   98    9.4257E-01   -2.4070E-01    0.0000E+00    0.0000E+00    0.0000E+00   -1.7902E-05
   99    7.3669E-01   -6.7199E-02    0.0000E+00    0.0000E+00    0.0000E+00   -4.1635E-05
  100    9.7295E-01   -4.8145E-02    0.0000E+00    0.0000E+00    0.0000E+00   -1.7418E-05
  101    8.5608E-01   -1.9069E-01    0.0000E+00    0.0000E+00    0.0000E+00   -3.0908E-05
  102    9.6489E-01    4.8542E-02    0.0000E+00    0.0000E+00    0.0000E+00   -1.9298E-05
  103    8.8151E-01    1.0304E-01    0.0000E+00    0.0000E+00    0.0000E+00   -2.9631E-05
  104    9.6345E-01    1.4536E-01    0.0000E+00    0.0000E+00    0.0000E+00   -1.7333E-05
  105    8.7170E-01    1.6197E-01    0.0000E+00    0.0000E+00    0.0000E+00   -2.9845E-05
  106    8.9840E-01    2.7837E-01    0.0000E+00    0.0000E+00    0.0000E+00   -2.3155E-05
  107    8.6754E-01    3.6561E-01    0.0000E+00    0.0000E+00    0.0000E+00   -2.2954E-05
  108    8.2664E-01    4.5029E-01    0.0000E+00    0.0000E+00    0.0000E+00   -2.2987E-05
  109    7.7716E-01    5.2870E-01    0.0000E+00    0.0000E+00    0.0000E+00   -2.3259E-05
  110    7.1953E-01    6.0433E-01    0.0000E+00    0.0000E+00    0.0000E+00   -2.3392E-05
  111    6.6152E-01    6.7441E-01    0.0000E+00    0.0000E+00    0.0000E+00   -2.2510E-05
  112    1.0736E-01    9.6639E-01    0.0000E+00    0.0000E+00    0.0000E+00   -1.7789E-05
  113    4.9916E-01    6.9001E-01    0.0000E+00    0.0000E+00    0.0000E+00   -3.3127E-05
  114    4.1166E-02    9.7135E-01    0.0000E+00    0.0000E+00    0.0000E+00   -1.8116E-05
  115    2.5207E-01    7.5776E-01    0.0000E+00    0.0000E+00    0.0000E+00   -3.7564E-05
  116   -6.6806E-02    9.6549E-01    0.0000E+00    0.0000E+00    0.0000E+00   -1.9323E-05
  117   -6.0411E-01   -4.0263E-02    0.0000E+00    0.0000E+00    0.0000E+00   -4.8788E-05
  118   -1.6746E-01    9.5493E-01    0.0000E+00    0.0000E+00    0.0000E+00   -1.8741E-05
  119   -2.8302E-01    8.3590E-01    0.0000E+00    0.0000E+00    0.0000E+00   -3.0266E-05
  120   -2.6291E-01    9.3367E-01    0.0000E+00    0.0000E+00    0.0000E+00   -1.8502E-05
  121   -3.2323E-01    7.9030E-01    0.0000E+00    0.0000E+00    0.0000E+00   -3.3224E-05
  122   -3.9024E-01    8.6091E-01    0.0000E+00    0.0000E+00    0.0000E+00   -2.2468E-05
  123   -4.6935E-01    8.1529E-01    0.0000E+00    0.0000E+00    0.0000E+00   -2.3220E-05
  124   -5.4929E-01    7.6374E-01    0.0000E+00    0.0000E+00    0.0000E+00   -2.3124E-05
  125   -6.2254E-01    7.0611E-01    0.0000E+00    0.0000E+00    0.0000E+00   -2.2995E-05
  126   -6.9044E-01    6.4006E-01    0.0000E+00    0.0000E+00    0.0000E+00   -2.2971E-05
  127   -7.5023E-01    5.6880E-01    0.0000E+00    0.0000E+00    0.0000E+00   -2.2974E-05
  128   -8.0348E-01    4.9051E-01    0.0000E+00    0.0000E+00    0.0000E+00   -2.2991E-05
  129   -8.4752E-01    4.0857E-01    0.0000E+00    0.0000E+00    0.0000E+00   -2.3103E-05
  130   -8.8430E-01    3.2102E-01    0.0000E+00    0.0000E+00    0.0000E+00   -2.3217E-05
  131   -9.1504E-01    2.3469E-01    0.0000E+00    0.0000E+00    0.0000E+00   -2.2595E-05
  132   -9.2900E-01    1.4004E-01    0.0000E+00    0.0000E+00    0.0000E+00   -2.3499E-05
  133   -9.4361E-01    4.5559E-02    0.0000E+00    0.0000E+00    0.0000E+00   -2.2569E-05
  134   -9.7430E-01    3.8205E-04    0.0000E+00    0.0000E+00    0.0000E+00   -1.7309E-05
  135   -8.8229E-01   -2.6043E-02    0.0000E+00    0.0000E+00    0.0000E+00   -3.0280E-05
  136   -9.2998E-01   -1.3997E-01    0.0000E+00    0.0000E+00    0.0000E+00   -2.3092E-05
  137   -9.1179E-01   -2.3109E-01    0.0000E+00    0.0000E+00    0.0000E+00   -2.3044E-05
  138   -8.8435E-01   -3.2192E-01    0.0000E+00    0.0000E+00    0.0000E+00   -2.3063E-05
  139   -8.5354E-01   -4.0748E-01    0.0000E+00    0.0000E+00    0.0000E+00   -2.2248E-05
  140   -7.0470E-01   -5.2705E-01    0.0000E+00    0.0000E+00    0.0000E+00   -3.0240E-05
  141   -2.5802E-01   -9.3352E-01    0.0000E+00    0.0000E+00    0.0000E+00   -1.9116E-05
  142   -8.4448E-02   -9.6255E-01    0.0000E+00    0.0000E+00    0.0000E+00   -1.9473E-05
  143    7.4627E-02   -7.9738E-01    0.0000E+00    0.0000E+00    0.0000E+00   -3.7370E-05
  144    2.6419E-02   -9.6918E-01    0.0000E+00    0.0000E+00    0.0000E+00   -1.8735E-05
  145    1.6247E-01   -8.4662E-01    0.0000E+00    0.0000E+00    0.0000E+00   -3.2161E-05
  146    1.5970E-01   -9.3502E-01    0.0000E+00    0.0000E+00    0.0000E+00   -2.1727E-05
  147    2.4866E-01   -9.0168E-01    0.0000E+00    0.0000E+00    0.0000E+00   -2.3953E-05
  148    3.4394E-01   -8.7383E-01    0.0000E+00    0.0000E+00    0.0000E+00   -2.3432E-05
  149    4.2959E-01   -8.4120E-01    0.0000E+00    0.0000E+00    0.0000E+00   -2.2581E-05
  150    5.0995E-01   -7.8928E-01    0.0000E+00    0.0000E+00    0.0000E+00   -2.3453E-05
  151    5.9044E-01   -7.3766E-01    0.0000E+00    0.0000E+00    0.0000E+00   -2.2534E-05
  152    6.4449E-01   -7.3075E-01    0.0000E+00    0.0000E+00    0.0000E+00   -1.7279E-05
  153    6.0422E-01   -6.4395E-01    0.0000E+00    0.0000E+00    0.0000E+00   -3.0223E-05
  154    7.2094E-01   -6.0456E-01    0.0000E+00    0.0000E+00    0.0000E+00   -2.3030E-05
  155    7.7736E-01   -5.3106E-01    0.0000E+00    0.0000E+00    0.0000E+00   -2.2893E-05
  156    8.2646E-01   -4.5073E-01    0.0000E+00    0.0000E+00    0.0000E+00   -2.2900E-05
  157    8.6562E-01   -3.6765E-01    0.0000E+00    0.0000E+00    0.0000E+00   -2.3055E-05
  158    8.9661E-01   -2.7841E-01    0.0000E+00    0.0000E+00    0.0000E+00   -2.3472E-05
  159    9.1910E-01   -1.8656E-01    0.0000E+00    0.0000E+00    0.0000E+00   -2.3675E-05
  160    9.3466E-01   -9.2258E-02    0.0000E+00    0.0000E+00    0.0000E+00   -2.3376E-05
  161    9.4115E-01    3.9733E-04    0.0000E+00    0.0000E+00    0.0000E+00   -2.3023E-05
  162    8.4596E-01    7.1921E-02    0.0000E+00    0.0000E+00    0.0000E+00   -3.3364E-05
  163    7.8702E-01    8.8312E-02    0.0000E+00    0.0000E+00    0.0000E+00   -3.8266E-05
  164   -8.6962E-01    1.3116E-01    0.0000E+00    0.0000E+00    0.0000E+00   -3.0650E-05
  165   -8.4821E-01    7.2415E-02    0.0000E+00    0.0000E+00    0.0000E+00   -3.3422E-05
  166   -8.7540E-01   -1.4488E-01    0.0000E+00    0.0000E+00    0.0000E+00   -2.9509E-05
  167   -7.8436E-01   -3.8418E-02    0.0000E+00    0.0000E+00    0.0000E+00   -3.8589E-05
  168    8.4276E-01    2.7784E-01    0.0000E+00    0.0000E+00    0.0000E+00   -2.9748E-05
  169   -7.7195E-01    1.7356E-01    0.0000E+00    0.0000E+00    0.0000E+00   -3.8152E-05
  170   -3.7594E-01    8.0420E-01    0.0000E+00    0.0000E+00    0.0000E+00   -2.9871E-05
  171   -5.3002E-01    7.1218E-01    0.0000E+00    0.0000E+00    0.0000E+00   -2.9598E-05
  172    6.5034E-01    5.2790E-01    0.0000E+00    0.0000E+00    0.0000E+00   -3.4489E-05
  173    6.6354E-01    5.7904E-01    0.0000E+00    0.0000E+00    0.0000E+00   -3.0565E-05
  174    2.7702E-01    6.6588E-01    0.0000E+00    0.0000E+00    0.0000E+00   -4.2807E-05
  175    7.7292E-01    4.3573E-01    0.0000E+00    0.0000E+00    0.0000E+00   -2.9607E-05
  176    8.0673E-01    2.3906E-01    0.0000E+00    0.0000E+00    0.0000E+00   -3.4172E-05
  177    8.2327E-01    3.3386E-01    0.0000E+00    0.0000E+00    0.0000E+00   -2.9453E-05
  178   -6.6094E-01    5.9401E-01    0.0000E+00    0.0000E+00    0.0000E+00   -2.9463E-05
  179   -7.6498E-01    4.5179E-01    0.0000E+00    0.0000E+00    0.0000E+00   -2.9485E-05
  180   -8.2586E-01   -3.1623E-01    0.0000E+00    0.0000E+00    0.0000E+00   -2.9944E-05
  181    5.0777E-01   -6.8351E-01    0.0000E+00    0.0000E+00    0.0000E+00   -3.3374E-05
  182   -1.0149E-01    8.7131E-01    0.0000E+00    0.0000E+00    0.0000E+00   -3.0901E-05
  183   -1.9648E-01    8.6515E-01    0.0000E+00    0.0000E+00    0.0000E+00   -2.9615E-05
  184   -4.8478E-01    6.9470E-01    0.0000E+00    0.0000E+00    0.0000E+00   -3.3609E-05
  185   -5.7729E-01    6.7528E-01    0.0000E+00    0.0000E+00    0.0000E+00   -2.9493E-05
  186   -7.1020E-01   -4.7165E-01    0.0000E+00    0.0000E+00    0.0000E+00   -3.2815E-05
  187   -3.8759E-01   -7.5539E-01    0.0000E+00    0.0000E+00    0.0000E+00   -3.3191E-05
  188   -8.3535E-01    2.8581E-01    0.0000E+00    0.0000E+00    0.0000E+00   -3.0307E-05
  189   -2.0673E-01    6.7468E-01    0.0000E+00    0.0000E+00    0.0000E+00   -4.3651E-05
  190    2.3057E-01    8.5217E-01    0.0000E+00    0.0000E+00    0.0000E+00   -3.0038E-05
  191    1.5933E-01    7.9196E-01    0.0000E+00    0.0000E+00    0.0000E+00   -3.6888E-05
  192    3.3847E-01   -8.1327E-01    0.0000E+00    0.0000E+00    0.0000E+00   -3.0370E-05
  193    4.7753E-01   -7.3873E-01    0.0000E+00    0.0000E+00    0.0000E+00   -3.0599E-05
  194   -8.5629E-01    2.3124E-01    0.0000E+00    0.0000E+00    0.0000E+00   -2.9959E-05
  195   -3.3466E-02   -1.9115E-01    0.0000E+00    0.0000E+00    0.0000E+00   -5.9543E-05
  196    6.8952E-01   -5.5983E-01    0.0000E+00    0.0000E+00    0.0000E+00   -2.9446E-05
  197   -1.4614E-01   -6.6717E-01    0.0000E+00    0.0000E+00    0.0000E+00   -4.4788E-05
  198   -4.6290E-01   -7.1254E-01    0.0000E+00    0.0000E+00    0.0000E+00   -3.2990E-05
  199    8.3976E-02   -8.9422E-01    0.0000E+00    0.0000E+00    0.0000E+00   -2.8650E-05
  200    6.4187E-01   -5.5411E-01    0.0000E+00    0.0000E+00    0.0000E+00   -3.3425E-05
  201    4.7496E-01   -4.7910E-01    0.0000E+00    0.0000E+00    0.0000E+00   -4.5342E-05
  202    7.8528E-01   -4.1570E-01    0.0000E+00    0.0000E+00    0.0000E+00   -2.9321E-05
  203   -4.9255E-01   -3.9276E-01    0.0000E+00    0.0000E+00    0.0000E+00   -4.7686E-05
  204    2.2184E-01   -8.4729E-01    0.0000E+00    0.0000E+00    0.0000E+00   -3.0652E-05
  205   -1.9749E-01   -6.7882E-01    0.0000E+00    0.0000E+00    0.0000E+00   -4.3522E-05
  206    8.4180E-01   -2.5033E-01    0.0000E+00    0.0000E+00    0.0000E+00   -3.0639E-05
  207    5.8856E-01   -1.3701E-01    0.0000E+00    0.0000E+00    0.0000E+00   -4.8886E-05
  208    7.3689E-01   -4.2362E-01    0.0000E+00    0.0000E+00    0.0000E+00   -3.3235E-05
  209    8.1003E-01   -3.6256E-01    0.0000E+00    0.0000E+00    0.0000E+00   -2.9569E-05
  210    2.4960E-01    9.0632E-01    0.0000E+00    0.0000E+00    0.0000E+00   -2.3323E-05
  211    1.4610E-01    9.3168E-01    0.0000E+00    0.0000E+00    0.0000E+00   -2.3092E-05
  212    5.8868E-01    7.3216E-01    0.0000E+00    0.0000E+00    0.0000E+00   -2.3322E-05
  213    5.1101E-01    7.8866E-01    0.0000E+00    0.0000E+00    0.0000E+00   -2.3189E-05
  214   -1.1033E-01    9.3147E-01    0.0000E+00    0.0000E+00    0.0000E+00   -2.3867E-05
  215   -2.0859E-01    9.1691E-01    0.0000E+00    0.0000E+00    0.0000E+00   -2.3202E-05
  216   -8.0443E-01   -4.8630E-01    0.0000E+00    0.0000E+00    0.0000E+00   -2.3149E-05
  217   -5.8237E-01   -6.5806E-01    0.0000E+00    0.0000E+00    0.0000E+00   -3.0362E-05
  218   -2.9335E-01   -8.9081E-01    0.0000E+00    0.0000E+00    0.0000E+00   -2.3688E-05
  219   -1.8654E-01   -9.1612E-01    0.0000E+00    0.0000E+00    0.0000E+00   -2.4298E-05
  220   -6.0390E-01   -7.5728E-01    0.0000E+00    0.0000E+00    0.0000E+00   -1.8787E-05
  221   -3.9177E-01   -6.6221E-01    0.0000E+00    0.0000E+00    0.0000E+00   -3.9562E-05
  222    4.8523E-01    8.3980E-01    0.0000E+00    0.0000E+00    0.0000E+00   -1.8420E-05
  223    4.2920E-01    7.4509E-01    0.0000E+00    0.0000E+00    0.0000E+00   -3.2298E-05
  224   -6.4647E-01   -5.9583E-01    0.0000E+00    0.0000E+00    0.0000E+00   -3.0303E-05
  225   -6.7633E-01   -6.9325E-01    0.0000E+00    0.0000E+00    0.0000E+00   -1.8805E-05
  226   -7.4948E-01   -5.6495E-01    0.0000E+00    0.0000E+00    0.0000E+00   -2.3295E-05
  227   -6.8813E-01   -6.3747E-01    0.0000E+00    0.0000E+00    0.0000E+00   -2.3327E-05
  228   -4.4174E-01   -8.6200E-01    0.0000E+00    0.0000E+00    0.0000E+00   -1.8859E-05
  229   -2.6997E-01   -8.3621E-01    0.0000E+00    0.0000E+00    0.0000E+00   -3.0498E-05
  230   -5.4752E-01   -7.6157E-01    0.0000E+00    0.0000E+00    0.0000E+00   -2.3319E-05
  231   -4.6883E-01   -8.1238E-01    0.0000E+00    0.0000E+00    0.0000E+00   -2.3374E-05
  232    3.4453E-01    7.2930E-01    0.0000E+00    0.0000E+00    0.0000E+00   -3.7065E-05
  233    4.0418E-01    6.5614E-01    0.0000E+00    0.0000E+00    0.0000E+00   -3.9743E-05
  234   -4.0678E-02    8.3930E-01    0.0000E+00    0.0000E+00    0.0000E+00   -3.4418E-05
  235   -1.4987E-01    7.8569E-01    0.0000E+00    0.0000E+00    0.0000E+00   -3.7670E-05
  236   -4.4146E-01   -5.2553E-01    0.0000E+00    0.0000E+00    0.0000E+00   -4.5022E-05
  237   -6.2590E-01   -4.5685E-01    0.0000E+00    0.0000E+00    0.0000E+00   -3.9186E-05
  238   -4.3989E-01   -7.6042E-01    0.0000E+00    0.0000E+00    0.0000E+00   -3.0481E-05
  239   -5.0040E-01   -6.1678E-01    0.0000E+00    0.0000E+00    0.0000E+00   -3.7759E-05
  240   -5.1782E-01   -5.7203E-01    0.0000E+00    0.0000E+00    0.0000E+00   -3.9369E-05
  241   -5.3193E-01   -6.6307E-01    0.0000E+00    0.0000E+00    0.0000E+00   -3.2931E-05
  242   -6.5598E-01   -5.4260E-01    0.0000E+00    0.0000E+00    0.0000E+00   -3.2875E-05
  243   -5.9630E-01   -6.0644E-01    0.0000E+00    0.0000E+00    0.0000E+00   -3.2910E-05
  244   -5.1392E-01   -7.1253E-01    0.0000E+00    0.0000E+00    0.0000E+00   -3.0409E-05
  245   -3.6453E-01   -7.0237E-01    0.0000E+00    0.0000E+00    0.0000E+00   -3.8099E-05
  246    3.5621E-01    7.8271E-01    0.0000E+00    0.0000E+00    0.0000E+00   -3.2277E-05
  247    2.9471E-01    7.1453E-01    0.0000E+00    0.0000E+00    0.0000E+00   -3.9561E-05
  248   -3.0417E-01   -7.9283E-01    0.0000E+00    0.0000E+00    0.0000E+00   -3.3332E-05
  249   -2.8018E-01   -7.3947E-01    0.0000E+00    0.0000E+00    0.0000E+00   -3.8168E-05
  250   -1.6835E-01   -8.6286E-01    0.0000E+00    0.0000E+00    0.0000E+00   -3.0138E-05
  251   -1.9139E-01   -7.7440E-01    0.0000E+00    0.0000E+00    0.0000E+00   -3.7659E-05
  252    2.6908E-01    8.1030E-01    0.0000E+00    0.0000E+00    0.0000E+00   -3.2961E-05
  253    1.7758E-01    8.4163E-01    0.0000E+00    0.0000E+00    0.0000E+00   -3.2378E-05
  254   -3.1230E-01   -6.9458E-01    0.0000E+00    0.0000E+00    0.0000E+00   -4.0191E-05
  255   -5.6328E-01   -5.6669E-01    0.0000E+00    0.0000E+00    0.0000E+00   -3.7302E-05
  256   -6.1682E-01   -5.0409E-01    0.0000E+00    0.0000E+00    0.0000E+00   -3.7556E-05
  257   -5.7429E-01   -5.1757E-01    0.0000E+00    0.0000E+00    0.0000E+00   -3.9290E-05
  258   -4.5734E-01   -6.2105E-01    0.0000E+00    0.0000E+00    0.0000E+00   -3.9439E-05
  259   -3.7922E-01   -6.0649E-01    0.0000E+00    0.0000E+00    0.0000E+00   -4.3321E-05
  260   -5.9088E-01   -4.1470E-01    0.0000E+00    0.0000E+00    0.0000E+00   -4.2910E-05
  261   -6.7056E-01   -4.3996E-01    0.0000E+00    0.0000E+00    0.0000E+00   -3.7072E-05
  262   -4.3784E-01   -6.6734E-01    0.0000E+00    0.0000E+00    0.0000E+00   -3.7415E-05
  263   -3.2998E-01   -5.9291E-01    0.0000E+00    0.0000E+00    0.0000E+00   -4.5313E-05
  264   -1.0279E-01   -7.4180E-01    0.0000E+00    0.0000E+00    0.0000E+00   -4.0920E-05
  265    3.8204E-01   -6.9151E-01    0.0000E+00    0.0000E+00    0.0000E+00   -3.8145E-05
  266    1.6493E-02    8.7442E-01    0.0000E+00    0.0000E+00    0.0000E+00   -3.1238E-05
  267   -4.0921E-02    7.7599E-01    0.0000E+00    0.0000E+00    0.0000E+00   -3.9144E-05
  268    1.1691E-01    6.9026E-01    0.0000E+00    0.0000E+00    0.0000E+00   -4.4118E-05
  269    3.9077E-01    7.0542E-01    0.0000E+00    0.0000E+00    0.0000E+00   -3.7133E-05
  270    4.8120E-01    5.9835E-01    0.0000E+00    0.0000E+00    0.0000E+00   -3.9784E-05
  271    4.6322E-01    6.4524E-01    0.0000E+00    0.0000E+00    0.0000E+00   -3.7934E-05
  272   -7.6121E-01   -3.9001E-01    0.0000E+00    0.0000E+00    0.0000E+00   -3.2786E-05
  273   -7.5787E-01   -4.5123E-01    0.0000E+00    0.0000E+00    0.0000E+00   -3.0118E-05
  274    5.7528E-01    6.2764E-01    0.0000E+00    0.0000E+00    0.0000E+00   -3.3235E-05
  275    5.5377E-01    6.8414E-01    0.0000E+00    0.0000E+00    0.0000E+00   -3.0470E-05
  276   -2.3226E-01    8.2682E-01    0.0000E+00    0.0000E+00    0.0000E+00   -3.2581E-05
  277   -2.0489E-01    7.7598E-01    0.0000E+00    0.0000E+00    0.0000E+00   -3.7521E-05
  278   -6.4661E-02   -8.2776E-01    0.0000E+00    0.0000E+00    0.0000E+00   -3.4796E-05
  279   -1.4051E-01   -7.7614E-01    0.0000E+00    0.0000E+00    0.0000E+00   -3.8160E-05
  280   -2.9031E-01   -6.4083E-01    0.0000E+00    0.0000E+00    0.0000E+00   -4.3848E-05
  281    3.0053E-01   -6.3744E-01    0.0000E+00    0.0000E+00    0.0000E+00   -4.3459E-05
  282   -7.1275E-01   -3.5905E-01    0.0000E+00    0.0000E+00    0.0000E+00   -3.7515E-05
  283   -5.3065E-01   -4.8660E-01    0.0000E+00    0.0000E+00    0.0000E+00   -4.2988E-05
  284   -3.0022E-01    7.3445E-01    0.0000E+00    0.0000E+00    0.0000E+00   -3.8096E-05
  285   -3.9102E-01    6.8015E-01    0.0000E+00    0.0000E+00    0.0000E+00   -3.8701E-05
  286   -6.6977E-01   -3.8858E-01    0.0000E+00    0.0000E+00    0.0000E+00   -3.9237E-05
  287   -5.3816E-01   -4.3097E-01    0.0000E+00    0.0000E+00    0.0000E+00   -4.4855E-05
  288    3.9138E-01    5.5710E-01    0.0000E+00    0.0000E+00    0.0000E+00   -4.5204E-05
  289    5.8902E-01    5.0161E-01    0.0000E+00    0.0000E+00    0.0000E+00   -3.9539E-05
  290   -2.2091E-01   -7.3160E-01    0.0000E+00    0.0000E+00    0.0000E+00   -4.0024E-05
  291    1.6501E-01   -7.5153E-01    0.0000E+00    0.0000E+00    0.0000E+00   -3.9515E-05
  292    1.9532E-01    7.4996E-01    0.0000E+00    0.0000E+00    0.0000E+00   -3.9437E-05
  293    9.7067E-02    7.9242E-01    0.0000E+00    0.0000E+00    0.0000E+00   -3.7746E-05
  294    7.6222E-02    8.5013E-01    0.0000E+00    0.0000E+00    0.0000E+00   -3.3097E-05
  295    9.8212E-03    7.3333E-01    0.0000E+00    0.0000E+00    0.0000E+00   -4.2054E-05
  296   -1.2258E-01   -8.3340E-01    0.0000E+00    0.0000E+00    0.0000E+00   -3.3918E-05
  297   -4.8234E-02   -7.6656E-01    0.0000E+00    0.0000E+00    0.0000E+00   -3.9504E-05
  298   -6.1781E-01   -3.7106E-01    0.0000E+00    0.0000E+00    0.0000E+00   -4.2938E-05
  299   -7.0578E-01   -3.0153E-01    0.0000E+00    0.0000E+00    0.0000E+00   -3.9751E-05
  300   -3.0699E-01   -4.3129E-01    0.0000E+00    0.0000E+00    0.0000E+00   -5.1710E-05
  301   -6.5111E-01   -2.7882E-01    0.0000E+00    0.0000E+00    0.0000E+00   -4.3488E-05
  302   -4.2154E-01   -5.8043E-01    0.0000E+00    0.0000E+00    0.0000E+00   -4.3141E-05
  303   -2.1081E-01   -5.8126E-01    0.0000E+00    0.0000E+00    0.0000E+00   -4.8121E-05
  304   -2.1699E-01    5.7179E-01    0.0000E+00    0.0000E+00    0.0000E+00   -4.8410E-05
  305    1.7743E-01    6.9755E-01    0.0000E+00    0.0000E+00    0.0000E+00   -4.2907E-05
  306    2.9233E-01   -7.2736E-01    0.0000E+00    0.0000E+00    0.0000E+00   -3.8472E-05
  307   -1.0505E-01   -6.9597E-01    0.0000E+00    0.0000E+00    0.0000E+00   -4.3569E-05
  308   -1.2734E-01   -6.1750E-01    0.0000E+00    0.0000E+00    0.0000E+00   -4.7525E-05
  309   -2.3476E-01   -6.3294E-01    0.0000E+00    0.0000E+00    0.0000E+00   -4.5344E-05
  310   -7.8428E-01   -1.3122E-01    0.0000E+00    0.0000E+00    0.0000E+00   -3.7807E-05
  311   -7.3133E-01   -2.0571E-01    0.0000E+00    0.0000E+00    0.0000E+00   -4.0292E-05
  312    1.7518E-01    3.0606E-01    0.0000E+00    0.0000E+00    0.0000E+00   -5.6837E-05
  313    3.6511E-01    6.1170E-01    0.0000E+00    0.0000E+00    0.0000E+00   -4.3406E-05
  314    2.4055E-01   -7.1339E-01    0.0000E+00    0.0000E+00    0.0000E+00   -4.0545E-05
  315   -4.0994E-03   -7.3227E-01    0.0000E+00    0.0000E+00    0.0000E+00   -4.1905E-05
  316    4.1105E-01   -6.3565E-01    0.0000E+00    0.0000E+00    0.0000E+00   -4.0392E-05
  317   -3.0753E-01   -5.3768E-01    0.0000E+00    0.0000E+00    0.0000E+00   -4.8133E-05
  318    2.1649E-01    6.5669E-01    0.0000E+00    0.0000E+00    0.0000E+00   -4.4633E-05
  319    1.4401E-01    5.8159E-01    0.0000E+00    0.0000E+00    0.0000E+00   -4.9154E-05
  320    7.2523E-02    7.4314E-01    0.0000E+00    0.0000E+00    0.0000E+00   -4.1229E-05
  321   -1.6634E-01    4.7194E-01    0.0000E+00    0.0000E+00    0.0000E+00   -5.2835E-05
  322    6.9739E-01   -2.8991E-01    0.0000E+00    0.0000E+00    0.0000E+00   -4.0666E-05
  323   -5.4972E-01   -2.2508E-01    0.0000E+00    0.0000E+00    0.0000E+00   -4.9285E-05
  324    7.5981E-01    4.2888E-02    0.0000E+00    0.0000E+00    0.0000E+00   -4.0483E-05
  325    6.9179E-01    3.8826E-01    0.0000E+00    0.0000E+00    0.0000E+00   -3.8104E-05
  326   -2.3263E-01    7.2921E-01    0.0000E+00    0.0000E+00    0.0000E+00   -4.0077E-05
  327   -5.9056E-01    5.3283E-01    0.0000E+00    0.0000E+00    0.0000E+00   -3.7998E-05
  328    4.2621E-01   -4.4638E-01    0.0000E+00    0.0000E+00    0.0000E+00   -4.8265E-05
  329   -5.0021E-01   -3.2550E-01    0.0000E+00    0.0000E+00    0.0000E+00   -4.9126E-05
  330    5.3865E-01    5.8662E-01    0.0000E+00    0.0000E+00    0.0000E+00   -3.7725E-05
  331    4.4844E-01    5.5466E-01    0.0000E+00    0.0000E+00    0.0000E+00   -4.3346E-05
  332   -7.4938E-01    1.1518E-01    0.0000E+00    0.0000E+00    0.0000E+00   -4.0397E-05
  333   -7.8768E-01    6.4274E-02    0.0000E+00    0.0000E+00    0.0000E+00   -3.8250E-05
  334   -7.0472E-01    3.6434E-01    0.0000E+00    0.0000E+00    0.0000E+00   -3.8159E-05
  335   -4.2572E-01    2.3084E-01    0.0000E+00    0.0000E+00    0.0000E+00   -5.3296E-05
  336    4.7440E-01   -6.3186E-01    0.0000E+00    0.0000E+00    0.0000E+00   -3.8200E-05
  337    5.5012E-01   -5.6184E-01    0.0000E+00    0.0000E+00    0.0000E+00   -3.8457E-05
  338    6.5098E-01   -4.5952E-01    0.0000E+00    0.0000E+00    0.0000E+00   -3.7750E-05
  339    5.2977E-01   -4.6191E-01    0.0000E+00    0.0000E+00    0.0000E+00   -4.3873E-05
  340    8.4890E-01    1.9110E-02    0.0000E+00    0.0000E+00    0.0000E+00   -3.3336E-05
  341    7.7130E-01    1.4036E-01    0.0000E+00    0.0000E+00    0.0000E+00   -3.8840E-05
  342   -8.4045E-01   -5.4356E-02    0.0000E+00    0.0000E+00    0.0000E+00   -3.3963E-05
  343   -7.7546E-01   -1.7907E-01    0.0000E+00    0.0000E+00    0.0000E+00   -3.7713E-05
  344    8.2043E-01    1.8290E-01    0.0000E+00    0.0000E+00    0.0000E+00   -3.4354E-05
  345    7.3653E-01    3.0985E-01    0.0000E+00    0.0000E+00    0.0000E+00   -3.7549E-05
  346   -4.3226E-01    7.2273E-01    0.0000E+00    0.0000E+00    0.0000E+00   -3.4088E-05
  347   -5.3102E-01    5.4262E-01    0.0000E+00    0.0000E+00    0.0000E+00   -4.0765E-05
  348   -6.8459E-01    5.0274E-01    0.0000E+00    0.0000E+00    0.0000E+00   -3.3379E-05
  349   -6.8591E-01    3.1544E-01    0.0000E+00    0.0000E+00    0.0000E+00   -4.0845E-05
  350    6.8999E-01    4.8378E-01    0.0000E+00    0.0000E+00    0.0000E+00   -3.4036E-05
  351    5.4283E-01    5.2808E-01    0.0000E+00    0.0000E+00    0.0000E+00   -4.0555E-05
  352   -8.1931E-01   -2.1839E-01    0.0000E+00    0.0000E+00    0.0000E+00   -3.3316E-05
  353   -7.4343E-01   -2.6532E-01    0.0000E+00    0.0000E+00    0.0000E+00   -3.8140E-05
  354    7.7590E-01    3.4613E-01    0.0000E+00    0.0000E+00    0.0000E+00   -3.3317E-05
  355    6.6191E-01    4.2873E-01    0.0000E+00    0.0000E+00    0.0000E+00   -3.8453E-05
  356    8.1752E-01   -1.4932E-01    0.0000E+00    0.0000E+00    0.0000E+00   -3.4882E-05
  357    7.8767E-01   -5.0144E-02    0.0000E+00    0.0000E+00    0.0000E+00   -3.8236E-05
  358   -7.6755E-01    3.5847E-01    0.0000E+00    0.0000E+00    0.0000E+00   -3.3581E-05
  359   -7.2884E-01    2.1894E-01    0.0000E+00    0.0000E+00    0.0000E+00   -4.0235E-05
  360   -5.7308E-01    6.2691E-01    0.0000E+00    0.0000E+00    0.0000E+00   -3.3400E-05
  361   -6.2409E-01    4.9288E-01    0.0000E+00    0.0000E+00    0.0000E+00   -3.8053E-05
  362    7.0926E-01   -4.6877E-01    0.0000E+00    0.0000E+00    0.0000E+00   -3.3164E-05
  363    6.9997E-01   -3.7964E-01    0.0000E+00    0.0000E+00    0.0000E+00   -3.7749E-05
  364    5.9858E-01   -5.9310E-01    0.0000E+00    0.0000E+00    0.0000E+00   -3.3932E-05
  365    6.4615E-01   -4.0291E-01    0.0000E+00    0.0000E+00    0.0000E+00   -4.0435E-05
  366    7.8100E-01   -3.2618E-01    0.0000E+00    0.0000E+00    0.0000E+00   -3.3477E-05
  367    7.3141E-01   -2.0254E-01    0.0000E+00    0.0000E+00    0.0000E+00   -4.0210E-05
  368    2.4413E-01   -8.0122E-01    0.0000E+00    0.0000E+00    0.0000E+00   -3.4114E-05
  369    3.2399E-01   -6.8764E-01    0.0000E+00    0.0000E+00    0.0000E+00   -4.0049E-05
  370    2.8160E-01    5.1566E-01    0.0000E+00    0.0000E+00    0.0000E+00   -4.9640E-05
  371    7.9840E-01   -1.0437E-04    0.0000E+00    0.0000E+00    0.0000E+00   -3.7608E-05
  372    3.8659E-01    4.5815E-01    0.0000E+00    0.0000E+00    0.0000E+00   -4.9077E-05
  373    2.9221E-01    3.0810E-01    0.0000E+00    0.0000E+00    0.0000E+00   -5.5091E-05
  374   -1.5772E-01   -3.8614E-01    0.0000E+00    0.0000E+00    0.0000E+00   -5.5320E-05
  375    7.6056E-01   -1.5862E-01    0.0000E+00    0.0000E+00    0.0000E+00   -3.8845E-05
  376    6.8397E-01    3.3742E-01    0.0000E+00    0.0000E+00    0.0000E+00   -4.0388E-05
  377    5.7828E-01    3.3326E-01    0.0000E+00    0.0000E+00    0.0000E+00   -4.5807E-05
  378   -6.7429E-01    2.0456E-01    0.0000E+00    0.0000E+00    0.0000E+00   -4.3620E-05
  379   -5.7908E-01    1.0892E-02    0.0000E+00    0.0000E+00    0.0000E+00   -4.9907E-05
  380   -7.3682E-01    2.7200E-01    0.0000E+00    0.0000E+00    0.0000E+00   -3.8559E-05
  381   -6.6668E-01   -4.1343E-02    0.0000E+00    0.0000E+00    0.0000E+00   -4.5779E-05
  382    7.0252E-01    2.2506E-01    0.0000E+00    0.0000E+00    0.0000E+00   -4.1874E-05
  383    7.4787E-01    2.5880E-01    0.0000E+00    0.0000E+00    0.0000E+00   -3.8266E-05
  384   -3.9735E-01    5.7491E-01    0.0000E+00    0.0000E+00    0.0000E+00   -4.4128E-05
  385   -4.7774E-01    6.3333E-01    0.0000E+00    0.0000E+00    0.0000E+00   -3.8131E-05
  386   -6.4479E-01   -2.2642E-01    0.0000E+00    0.0000E+00    0.0000E+00   -4.4938E-05
  387   -6.6873E-01   -1.3917E-01    0.0000E+00    0.0000E+00    0.0000E+00   -4.4944E-05
  388   -6.2261E-01    4.3445E-01    0.0000E+00    0.0000E+00    0.0000E+00   -4.0814E-05
  389   -6.8097E-01    4.1027E-01    0.0000E+00    0.0000E+00    0.0000E+00   -3.7974E-05
  390   -1.5474E-01   -5.7748E-01    0.0000E+00    0.0000E+00    0.0000E+00   -4.9046E-05
  391    7.1933E-01   -3.3535E-01    0.0000E+00    0.0000E+00    0.0000E+00   -3.7974E-05
  392    4.0085E-01   -5.3578E-01    0.0000E+00    0.0000E+00    0.0000E+00   -4.5606E-05
  393    6.1995E-01   -4.9786E-01    0.0000E+00    0.0000E+00    0.0000E+00   -3.7874E-05
  394    3.7521E-01   -5.8325E-01    0.0000E+00    0.0000E+00    0.0000E+00   -4.4250E-05
  395    3.2274E-01   -5.8890E-01    0.0000E+00    0.0000E+00    0.0000E+00   -4.5377E-05
  396    1.4293E-01   -7.0201E-01    0.0000E+00    0.0000E+00    0.0000E+00   -4.2919E-05
  397    2.1363E-01   -7.5429E-01    0.0000E+00    0.0000E+00    0.0000E+00   -3.8446E-05
  398   -1.2854E-01   -5.3013E-01    0.0000E+00    0.0000E+00    0.0000E+00   -5.1183E-05
  399   -6.1803E-02   -6.6260E-01    0.0000E+00    0.0000E+00    0.0000E+00   -4.5707E-05
  400   -5.5269E-01   -2.9369E-01    0.0000E+00    0.0000E+00    0.0000E+00   -4.7867E-05
  401   -3.3230E-01   -3.8359E-01    0.0000E+00    0.0000E+00    0.0000E+00   -5.2501E-05
  402   -6.9692E-01   -9.3112E-02    0.0000E+00    0.0000E+00    0.0000E+00   -4.3889E-05
  403   -6.8736E-01   -1.8952E-01    0.0000E+00    0.0000E+00    0.0000E+00   -4.3204E-05
  404   -2.1627E-01   -4.8353E-01    0.0000E+00    0.0000E+00    0.0000E+00   -5.1742E-05
  405    5.9842E-01    1.6154E-01    0.0000E+00    0.0000E+00    0.0000E+00   -4.8136E-05
  406    9.6246E-02    6.3497E-01    0.0000E+00    0.0000E+00    0.0000E+00   -4.7094E-05
  407   -7.7878E-03    6.7217E-01    0.0000E+00    0.0000E+00    0.0000E+00   -4.5427E-05
  408    3.9449E-02    4.2686E-01    0.0000E+00    0.0000E+00    0.0000E+00   -5.4956E-05
  409    2.5969E-01    5.6920E-01    0.0000E+00    0.0000E+00    0.0000E+00   -4.8017E-05
  410    3.8639E-01    3.5725E-01    0.0000E+00    0.0000E+00    0.0000E+00   -5.1920E-05
  411    3.5585E-01    5.1001E-01    0.0000E+00    0.0000E+00    0.0000E+00   -4.8088E-05
  412   -7.5945E-01    9.9339E-03    0.0000E+00    0.0000E+00    0.0000E+00   -4.0358E-05
  413   -7.5126E-01   -9.0171E-02    0.0000E+00    0.0000E+00    0.0000E+00   -4.0610E-05
  414    4.9717E-01   -5.7506E-01    0.0000E+00    0.0000E+00    0.0000E+00   -4.0215E-05
  415    5.6723E-01   -5.0098E-01    0.0000E+00    0.0000E+00    0.0000E+00   -4.0610E-05
  416   -6.5859E-01    1.5417E-01    0.0000E+00    0.0000E+00    0.0000E+00   -4.5291E-05
  417   -6.9057E-01    1.1018E-01    0.0000E+00    0.0000E+00    0.0000E+00   -4.4000E-05
  418    2.3985E-01   -5.8489E-01    0.0000E+00    0.0000E+00    0.0000E+00   -4.7467E-05
  419    4.5946E-01   -5.3139E-01    0.0000E+00    0.0000E+00    0.0000E+00   -4.3698E-05
  420   -1.0510E-01    7.5067E-01    0.0000E+00    0.0000E+00    0.0000E+00   -4.0513E-05
  421   -1.5249E-01    6.6433E-01    0.0000E+00    0.0000E+00    0.0000E+00   -4.4916E-05
  422   -3.0235E-01    6.2737E-01    0.0000E+00    0.0000E+00    0.0000E+00   -4.4166E-05
  423   -7.9762E-02    6.1067E-01    0.0000E+00    0.0000E+00    0.0000E+00   -4.8265E-05
  424   -3.3372E-01    6.8283E-01    0.0000E+00    0.0000E+00    0.0000E+00   -4.0390E-05
  425   -4.2355E-01    6.2350E-01    0.0000E+00    0.0000E+00    0.0000E+00   -4.0918E-05
  426   -6.3405E-01    2.9871E-01    0.0000E+00    0.0000E+00    0.0000E+00   -4.4083E-05
  427   -6.3041E-01    2.4088E-01    0.0000E+00    0.0000E+00    0.0000E+00   -4.5453E-05
  428    2.8358E-01   -5.5533E-01    0.0000E+00    0.0000E+00    0.0000E+00   -4.7855E-05
  429    2.5210E-01   -6.3174E-01    0.0000E+00    0.0000E+00    0.0000E+00   -4.4898E-05
  430    9.0628E-02   -6.9506E-01    0.0000E+00    0.0000E+00    0.0000E+00   -4.3774E-05
  431    2.2378E-01   -6.6796E-01    0.0000E+00    0.0000E+00    0.0000E+00   -4.3624E-05
  432    5.1182E-02   -7.4416E-01    0.0000E+00    0.0000E+00    0.0000E+00   -4.1048E-05
  433    4.7428E-02   -8.5165E-01    0.0000E+00    0.0000E+00    0.0000E+00   -3.3141E-05
  434    7.1798E-02   -6.4234E-01    0.0000E+00    0.0000E+00    0.0000E+00   -4.6716E-05
  435   -1.5416E-02   -6.7414E-01    0.0000E+00    0.0000E+00    0.0000E+00   -4.5182E-05
  436   -3.4002E-01   -4.8473E-01    0.0000E+00    0.0000E+00    0.0000E+00   -4.9302E-05
  437   -2.4685E-01   -4.3385E-01    0.0000E+00    0.0000E+00    0.0000E+00   -5.2833E-05
  438   -5.9683E-01   -1.9782E-01    0.0000E+00    0.0000E+00    0.0000E+00   -4.7770E-05
  439   -4.9757E-01   -1.9884E-01    0.0000E+00    0.0000E+00    0.0000E+00   -5.1512E-05
  440   -1.5697E-01   -4.8352E-01    0.0000E+00    0.0000E+00    0.0000E+00   -5.2531E-05
  441    8.8416E-02   -5.4659E-01    0.0000E+00    0.0000E+00    0.0000E+00   -5.0885E-05
  442   -4.4633E-01   -2.3460E-01    0.0000E+00    0.0000E+00    0.0000E+00   -5.2645E-05
  443   -2.1687E-01   -3.8444E-01    0.0000E+00    0.0000E+00    0.0000E+00   -5.4624E-05
  444   -5.7465E-01   -9.5954E-02    0.0000E+00    0.0000E+00    0.0000E+00   -4.9757E-05
  445   -6.0903E-01   -1.4309E-01    0.0000E+00    0.0000E+00    0.0000E+00   -4.7927E-05
  446    3.4254E-02    6.2669E-01    0.0000E+00    0.0000E+00    0.0000E+00   -4.7755E-05
  447   -6.1490E-02    6.6034E-01    0.0000E+00    0.0000E+00    0.0000E+00   -4.5909E-05
  448    4.2406E-02   -4.4173E-01    0.0000E+00    0.0000E+00    0.0000E+00   -5.4562E-05
  449    5.5883E-01    3.9554E-01    0.0000E+00    0.0000E+00    0.0000E+00   -4.4935E-05
  450    4.8363E-01    5.0800E-01    0.0000E+00    0.0000E+00    0.0000E+00   -4.4105E-05
  451    4.5730E-01    4.5859E-01    0.0000E+00    0.0000E+00    0.0000E+00   -4.6829E-05
  452   -6.6553E-01    5.9287E-02    0.0000E+00    0.0000E+00    0.0000E+00   -4.5704E-05
  453   -6.9612E-01    9.9495E-03    0.0000E+00    0.0000E+00    0.0000E+00   -4.4207E-05
  454    5.9827E-01   -3.7429E-01    0.0000E+00    0.0000E+00    0.0000E+00   -4.3740E-05
  455    3.0050E-01   -4.2092E-01    0.0000E+00    0.0000E+00    0.0000E+00   -5.2197E-05
  456   -1.0806E-01    6.9618E-01    0.0000E+00    0.0000E+00    0.0000E+00   -4.3592E-05
  457   -1.3285E-01    6.1098E-01    0.0000E+00    0.0000E+00    0.0000E+00   -4.7806E-05
  458   -2.4295E-01    6.2446E-01    0.0000E+00    0.0000E+00    0.0000E+00   -4.5575E-05
  459   -4.9049E-01    5.0208E-01    0.0000E+00    0.0000E+00    0.0000E+00   -4.4046E-05
  460    5.9491E-01    2.1941E-01    0.0000E+00    0.0000E+00    0.0000E+00   -4.7445E-05
  461    6.3806E-01    3.1110E-01    0.0000E+00    0.0000E+00    0.0000E+00   -4.3586E-05
  462    7.1226E-01    1.6278E-01    0.0000E+00    0.0000E+00    0.0000E+00   -4.2403E-05
  463    6.4528E-01    2.4979E-01    0.0000E+00    0.0000E+00    0.0000E+00   -4.4563E-05
  464   -5.2272E-01    3.0087E-01    0.0000E+00    0.0000E+00    0.0000E+00   -4.8871E-05
  465   -5.7800E-01    1.1062E-01    0.0000E+00    0.0000E+00    0.0000E+00   -4.9608E-05
  466    6.4640E-01   -2.7576E-01    0.0000E+00    0.0000E+00    0.0000E+00   -4.3869E-05
  467    5.4515E-01   -2.8219E-01    0.0000E+00    0.0000E+00    0.0000E+00   -4.8276E-05
  468   -3.3345E-01    5.7610E-01    0.0000E+00    0.0000E+00    0.0000E+00   -4.5825E-05
  469   -4.2383E-01    5.1800E-01    0.0000E+00    0.0000E+00    0.0000E+00   -4.5673E-05
  470   -6.0050E-01    1.5475E-01    0.0000E+00    0.0000E+00    0.0000E+00   -4.8198E-05
  471   -4.8884E-01   -1.4616E-01    0.0000E+00    0.0000E+00    0.0000E+00   -5.2397E-05
  472    2.1299E-03   -5.8232E-01    0.0000E+00    0.0000E+00    0.0000E+00   -4.9681E-05
  473    3.7797E-01   -4.8183E-01    0.0000E+00    0.0000E+00    0.0000E+00   -4.8404E-05
  474   -4.6015E-01    3.2776E-01    0.0000E+00    0.0000E+00    0.0000E+00   -5.0424E-05
  475   -5.8262E-01    2.0923E-01    0.0000E+00    0.0000E+00    0.0000E+00   -4.8288E-05
  476    4.8943E-01   -3.6638E-01    0.0000E+00    0.0000E+00    0.0000E+00   -4.8430E-05
  477    4.4616E-01    2.5634E-01    0.0000E+00    0.0000E+00    0.0000E+00   -5.2359E-05
  478   -5.0898E-02    5.6850E-01    0.0000E+00    0.0000E+00    0.0000E+00   -5.0223E-05
  479   -3.0474E-01    5.2637E-01    0.0000E+00    0.0000E+00    0.0000E+00   -4.8541E-05
  480   -2.2226E-01    4.7469E-01    0.0000E+00    0.0000E+00    0.0000E+00   -5.1977E-05
  481   -4.4600E-01   -2.9266E-01    0.0000E+00    0.0000E+00    0.0000E+00   -5.1566E-05
  482   -6.1106E-01    5.9149E-02    0.0000E+00    0.0000E+00    0.0000E+00   -4.8375E-05
  483   -5.2032E-01    2.7376E-02    0.0000E+00    0.0000E+00    0.0000E+00   -5.2148E-05
  484   -3.8774E-01   -3.7344E-01    0.0000E+00    0.0000E+00    0.0000E+00   -5.1318E-05
  485   -3.0472E-01   -3.3299E-01    0.0000E+00    0.0000E+00    0.0000E+00   -5.4363E-05
  486   -3.8580E-01    4.7432E-01    0.0000E+00    0.0000E+00    0.0000E+00   -4.8356E-05
  487   -5.2021E-01    9.4367E-02    0.0000E+00    0.0000E+00    0.0000E+00   -5.1951E-05
  488    2.1036E-02   -6.3332E-01    0.0000E+00    0.0000E+00    0.0000E+00   -4.7319E-05
  489    1.0738E-01   -5.9917E-01    0.0000E+00    0.0000E+00    0.0000E+00   -4.8547E-05
  490   -1.2840E-01   -4.3554E-01    0.0000E+00    0.0000E+00    0.0000E+00   -5.4264E-05
  491    1.3724E-01    4.7648E-01    0.0000E+00    0.0000E+00    0.0000E+00   -5.2807E-05
  492   -7.7363E-02   -6.1687E-01    0.0000E+00    0.0000E+00    0.0000E+00   -4.7939E-05
  493   -4.9882E-02   -5.7741E-01    0.0000E+00    0.0000E+00    0.0000E+00   -4.9824E-05
  494   -4.4840E-02   -4.8510E-01    0.0000E+00    0.0000E+00    0.0000E+00   -5.3241E-05
  495    3.8281E-01   -3.5556E-01    0.0000E+00    0.0000E+00    0.0000E+00   -5.2007E-05
  496    3.5398E-01    4.0888E-01    0.0000E+00    0.0000E+00    0.0000E+00   -5.1341E-05
  497    2.4794E-01    4.6394E-01    0.0000E+00    0.0000E+00    0.0000E+00   -5.1849E-05
  498   -4.2902E-01   -4.1402E-01    0.0000E+00    0.0000E+00    0.0000E+00   -4.9104E-05
  499   -4.0661E-01   -4.7760E-01    0.0000E+00    0.0000E+00    0.0000E+00   -4.7797E-05
  500    4.8856E-01    4.0588E-01    0.0000E+00    0.0000E+00    0.0000E+00   -4.7412E-05
  501    4.5026E-01    3.5382E-01    0.0000E+00    0.0000E+00    0.0000E+00   -5.0068E-05
  502   -1.6113E-01    5.6866E-01    0.0000E+00    0.0000E+00    0.0000E+00   -4.9354E-05
  503   -2.4768E-01    5.2496E-01    0.0000E+00    0.0000E+00    0.0000E+00   -4.9770E-05
  504    5.4001E-01   -4.0297E-01    0.0000E+00    0.0000E+00    0.0000E+00   -4.5432E-05
  505    5.9483E-01    4.0071E-02    0.0000E+00    0.0000E+00    0.0000E+00   -4.9206E-05
  506   -5.7862E-01    3.3440E-01    0.0000E+00    0.0000E+00    0.0000E+00   -4.5861E-05
  507   -5.3036E-01    2.3352E-01    0.0000E+00    0.0000E+00    0.0000E+00   -4.9991E-05
  508    1.3749E-01   -8.8878E-01    0.0000E+00    0.0000E+00    0.0000E+00   -2.8379E-05
  509    1.3615E-01   -7.9779E-01    0.0000E+00    0.0000E+00    0.0000E+00   -3.6651E-05
  510    9.4165E-03    5.7270E-01    0.0000E+00    0.0000E+00    0.0000E+00   -5.0122E-05
  511   -7.8757E-02    5.1924E-01    0.0000E+00    0.0000E+00    0.0000E+00   -5.1984E-05
  512   -4.3760E-01   -8.0662E-02    0.0000E+00    0.0000E+00    0.0000E+00   -5.4559E-05
  513   -2.8287E-01    2.3653E-01    0.0000E+00    0.0000E+00    0.0000E+00   -5.6576E-05
  514   -3.9364E-01   -2.0879E-01    0.0000E+00    0.0000E+00    0.0000E+00   -5.4518E-05
  515   -2.1827E-01   -2.8249E-01    0.0000E+00    0.0000E+00    0.0000E+00   -5.6771E-05
  516    1.1789E-01    3.8702E-01    0.0000E+00    0.0000E+00    0.0000E+00   -5.5561E-05
  517   -1.3591E-01    5.1908E-01    0.0000E+00    0.0000E+00    0.0000E+00   -5.1535E-05
  518    1.0737E-02   -4.8826E-01    0.0000E+00    0.0000E+00    0.0000E+00   -5.3199E-05
  519   -7.3657E-02   -5.3069E-01    0.0000E+00    0.0000E+00    0.0000E+00   -5.1549E-05
  520   -3.0579E-01    4.3437E-01    0.0000E+00    0.0000E+00    0.0000E+00   -5.1722E-05
  521   -3.3876E-01   -1.2509E-01    0.0000E+00    0.0000E+00    0.0000E+00   -5.6746E-05
  522   -4.7351E-01    1.3149E-01    0.0000E+00    0.0000E+00    0.0000E+00   -5.3196E-05
  523   -3.4436E-01    3.9201E-01    0.0000E+00    0.0000E+00    0.0000E+00   -5.2065E-05
  524    2.5669E-01   -2.3543E-01    0.0000E+00    0.0000E+00    0.0000E+00   -5.6942E-05
  525    4.3044E-01   -3.9260E-01    0.0000E+00    0.0000E+00    0.0000E+00   -4.9747E-05
  526   -2.4943E-01   -3.3128E-01    0.0000E+00    0.0000E+00    0.0000E+00   -5.5411E-05
  527   -3.9706E-01   -3.1935E-01    0.0000E+00    0.0000E+00    0.0000E+00   -5.2426E-05
  528   -3.3061E-01    4.8149E-01    0.0000E+00    0.0000E+00    0.0000E+00   -4.9581E-05
  529   -4.5027E-01    3.9140E-01    0.0000E+00    0.0000E+00    0.0000E+00   -4.9124E-05
  530    1.7477E-01   -6.5935E-01    0.0000E+00    0.0000E+00    0.0000E+00   -4.4871E-05
  531    1.5805E-01   -6.0922E-01    0.0000E+00    0.0000E+00    0.0000E+00   -4.7608E-05
  532   -1.5587E-01   -2.8712E-01    0.0000E+00    0.0000E+00    0.0000E+00   -5.7431E-05
  533   -3.4053E-01   -2.4132E-01    0.0000E+00    0.0000E+00    0.0000E+00   -5.5313E-05
  534    2.2218E-01   -3.3675E-01    0.0000E+00    0.0000E+00    0.0000E+00   -5.5600E-05
  535   -7.1156E-02   -4.3656E-01    0.0000E+00    0.0000E+00    0.0000E+00   -5.4617E-05
  536    2.8958E-01    4.0901E-01    0.0000E+00    0.0000E+00    0.0000E+00   -5.2766E-05
  537    1.1499E-01    5.2603E-01    0.0000E+00    0.0000E+00    0.0000E+00   -5.1428E-05
  538    4.7598E-01    3.0619E-01    0.0000E+00    0.0000E+00    0.0000E+00   -5.0405E-05
  539    3.5312E-01   -2.5881E-01    0.0000E+00    0.0000E+00    0.0000E+00   -5.4714E-05
  540   -1.2788E-01   -3.3761E-01    0.0000E+00    0.0000E+00    0.0000E+00   -5.6695E-05
  541   -4.1953E-02   -3.8903E-01    0.0000E+00    0.0000E+00    0.0000E+00   -5.5982E-05
  542    5.9822E-01   -3.1052E-01    0.0000E+00    0.0000E+00    0.0000E+00   -4.5394E-05
  543    7.2539E-01   -1.1675E-01    0.0000E+00    0.0000E+00    0.0000E+00   -4.1840E-05
  544   -5.0687E-01    4.3350E-01    0.0000E+00    0.0000E+00    0.0000E+00   -4.5914E-05
  545   -5.7264E-01    4.0339E-01    0.0000E+00    0.0000E+00    0.0000E+00   -4.4180E-05
  546    3.3932E-02   -5.3876E-01    0.0000E+00    0.0000E+00    0.0000E+00   -5.1390E-05
  547    3.2219E-01   -3.7093E-01    0.0000E+00    0.0000E+00    0.0000E+00   -5.3075E-05
  548   -1.4055E-01    4.2110E-01    0.0000E+00    0.0000E+00    0.0000E+00   -5.4607E-05
  549   -2.3200E-01    3.7794E-01    0.0000E+00    0.0000E+00    0.0000E+00   -5.4608E-05
  550    4.4879E-01   -2.7652E-01    0.0000E+00    0.0000E+00    0.0000E+00   -5.1816E-05
  551    5.0016E-01   -2.0096E-01    0.0000E+00    0.0000E+00    0.0000E+00   -5.1368E-05
  552    3.5458E-01    2.0401E-01    0.0000E+00    0.0000E+00    0.0000E+00   -5.5504E-05
  553    4.9462E-01   -3.0937E-01    0.0000E+00    0.0000E+00    0.0000E+00   -4.9626E-05
  554   -3.7533E-01    2.0660E-01    0.0000E+00    0.0000E+00    0.0000E+00   -5.5031E-05
  555   -3.9587E-01    4.1630E-01    0.0000E+00    0.0000E+00    0.0000E+00   -5.0001E-05
  556   -4.0169E-01   -4.9516E-02    0.0000E+00    0.0000E+00    0.0000E+00   -5.5722E-05
  557   -3.9268E-01   -1.5414E-01    0.0000E+00    0.0000E+00    0.0000E+00   -5.5227E-05
  558   -3.0183E-02    1.6634E-04    0.0000E+00    0.0000E+00    0.0000E+00   -6.0596E-05
  559   -2.5450E-01    4.2897E-01    0.0000E+00    0.0000E+00    0.0000E+00   -5.2887E-05
  560   -4.7734E-01    2.0065E-01    0.0000E+00    0.0000E+00    0.0000E+00   -5.2244E-05
  561   -3.4682E-01   -6.7079E-02    0.0000E+00    0.0000E+00    0.0000E+00   -5.6974E-05
  562   -2.4054E-01   -2.3239E-01    0.0000E+00    0.0000E+00    0.0000E+00   -5.7255E-05
  563   -2.0161E-01    1.7307E-01    0.0000E+00    0.0000E+00    0.0000E+00   -5.8569E-05
  564    3.5370E-01    3.0736E-01    0.0000E+00    0.0000E+00    0.0000E+00   -5.3810E-05
  565    2.6051E-01    3.5812E-01    0.0000E+00    0.0000E+00    0.0000E+00   -5.4549E-05
  566    5.3374E-01    2.9597E-01    0.0000E+00    0.0000E+00    0.0000E+00   -4.8420E-05
  567    3.8774E-01    2.5408E-01    0.0000E+00    0.0000E+00    0.0000E+00   -5.4047E-05
  568   -6.9360E-02   -3.3948E-01    0.0000E+00    0.0000E+00    0.0000E+00   -5.7027E-05
  569    2.9812E-01   -2.7331E-01    0.0000E+00    0.0000E+00    0.0000E+00   -5.5608E-05
  570    7.4200E-01   -2.4717E-01    0.0000E+00    0.0000E+00    0.0000E+00   -3.8630E-05
  571    6.7951E-01   -1.8681E-01    0.0000E+00    0.0000E+00    0.0000E+00   -4.3688E-05
  572    1.7165E-01    3.9531E-01    0.0000E+00    0.0000E+00    0.0000E+00   -5.4845E-05
  573    2.2927E-02    1.8005E-01    0.0000E+00    0.0000E+00    0.0000E+00   -5.9693E-05
  574    1.8856E-01    4.5349E-01    0.0000E+00    0.0000E+00    0.0000E+00   -5.3035E-05
  575   -4.9984E-02    4.7135E-01    0.0000E+00    0.0000E+00    0.0000E+00   -5.3687E-05
  576    5.9019E-01   -1.9454E-01    0.0000E+00    0.0000E+00    0.0000E+00   -4.8015E-05
  577    5.4315E-01    2.4342E-01    0.0000E+00    0.0000E+00    0.0000E+00   -4.9163E-05
  578    6.3913E-01   -2.1729E-01    0.0000E+00    0.0000E+00    0.0000E+00   -4.5386E-05
  579    6.5685E-01    6.7632E-02    0.0000E+00    0.0000E+00    0.0000E+00   -4.6245E-05
  580    5.3213E-01   -5.0614E-02    0.0000E+00    0.0000E+00    0.0000E+00   -5.1693E-05
  581    5.4440E-01   -2.2468E-01    0.0000E+00    0.0000E+00    0.0000E+00   -4.9401E-05
  582    4.8820E-01    2.1798E-01    0.0000E+00    0.0000E+00    0.0000E+00   -5.1672E-05
  583    4.1827E-01   -3.9859E-02    0.0000E+00    0.0000E+00    0.0000E+00   -5.5239E-05
  584   -1.7397E-01    3.7282E-01    0.0000E+00    0.0000E+00    0.0000E+00   -5.5519E-05
  585   -3.2859E-01    3.4150E-01    0.0000E+00    0.0000E+00    0.0000E+00   -5.3660E-05
  586    2.2752E-01   -4.8382E-01    0.0000E+00    0.0000E+00    0.0000E+00   -5.1613E-05
  587    2.3592E-01   -4.3151E-01    0.0000E+00    0.0000E+00    0.0000E+00   -5.3105E-05
  588    3.9597E-01   -2.9648E-01    0.0000E+00    0.0000E+00    0.0000E+00   -5.2959E-05
  589    3.4165E-01    1.0331E-01    0.0000E+00    0.0000E+00    0.0000E+00   -5.6778E-05
  590   -2.9277E-01   -1.5308E-01    0.0000E+00    0.0000E+00    0.0000E+00   -5.7368E-05
  591   -2.0574E-01   -1.8681E-01    0.0000E+00    0.0000E+00    0.0000E+00   -5.8341E-05
  592   -6.5528E-02   -2.4078E-01    0.0000E+00    0.0000E+00    0.0000E+00   -5.8804E-05
  593    2.6090E-01    2.5855E-01    0.0000E+00    0.0000E+00    0.0000E+00   -5.6518E-05
  594    1.2454E-01    3.0534E-01    0.0000E+00    0.0000E+00    0.0000E+00   -5.7335E-05
  595    2.0196E-01    3.5487E-01    0.0000E+00    0.0000E+00    0.0000E+00   -5.5489E-05
  596    1.6032E-02   -3.9105E-01    0.0000E+00    0.0000E+00    0.0000E+00   -5.5973E-05
  597    1.0528E-01   -4.4621E-01    0.0000E+00    0.0000E+00    0.0000E+00   -5.4127E-05
  598   -3.8169E-02   -2.9094E-01    0.0000E+00    0.0000E+00    0.0000E+00   -5.8083E-05
  599    4.7925E-02   -3.4350E-01    0.0000E+00    0.0000E+00    0.0000E+00   -5.7011E-05
  600   -1.4827E-01   -8.9181E-02    0.0000E+00    0.0000E+00    0.0000E+00   -5.9762E-05
  601   -1.2471E-01   -2.3884E-01    0.0000E+00    0.0000E+00    0.0000E+00   -5.8483E-05
  602   -3.6021E-01    2.9815E-01    0.0000E+00    0.0000E+00    0.0000E+00   -5.3827E-05
  603   -4.1616E-01    2.9059E-01    0.0000E+00    0.0000E+00    0.0000E+00   -5.2457E-05
  604    6.3642E-01   -1.0911E-01    0.0000E+00    0.0000E+00    0.0000E+00   -4.6965E-05
  605    4.8378E-01    4.7094E-02    0.0000E+00    0.0000E+00    0.0000E+00   -5.3275E-05
  606    6.5853E-01    1.2964E-01    0.0000E+00    0.0000E+00    0.0000E+00   -4.5655E-05
  607    5.4340E-01    1.3312E-01    0.0000E+00    0.0000E+00    0.0000E+00   -5.0687E-05
  608    4.1687E-01   -1.9173E-01    0.0000E+00    0.0000E+00    0.0000E+00   -5.4141E-05
  609    1.7129E-01    1.1575E-01    0.0000E+00    0.0000E+00    0.0000E+00   -5.9360E-05
  610   -2.8307E-01    8.2248E-02    0.0000E+00    0.0000E+00    0.0000E+00   -5.8063E-05
  611   -2.6752E-01    3.3282E-01    0.0000E+00    0.0000E+00    0.0000E+00   -5.5070E-05
  612   -1.4920E-01    3.1987E-01    0.0000E+00    0.0000E+00    0.0000E+00   -5.6922E-05
  613   -2.4569E-01    2.8054E-01    0.0000E+00    0.0000E+00    0.0000E+00   -5.6452E-05
  614    1.2810E-01   -5.0056E-01    0.0000E+00    0.0000E+00    0.0000E+00   -5.2286E-05
  615    2.8034E-01   -3.2635E-01    0.0000E+00    0.0000E+00    0.0000E+00   -5.4883E-05
  616    9.3241E-02    4.2940E-01    0.0000E+00    0.0000E+00    0.0000E+00   -5.4637E-05
  617    4.4204E-02    3.3290E-01    0.0000E+00    0.0000E+00    0.0000E+00   -5.7227E-05
  618    2.0005E-01   -5.6551E-02    0.0000E+00    0.0000E+00    0.0000E+00   -5.9345E-05
  619    2.0612E-01   -2.4988E-01    0.0000E+00    0.0000E+00    0.0000E+00   -5.7461E-05
  620   -2.9357E-01   -2.1466E-01    0.0000E+00    0.0000E+00    0.0000E+00   -5.6612E-05
  621   -1.5231E-01   -1.8863E-01    0.0000E+00    0.0000E+00    0.0000E+00   -5.8914E-05
  622   -3.9086E-01    4.7980E-02    0.0000E+00    0.0000E+00    0.0000E+00   -5.5957E-05
  623   -4.2459E-01    3.7713E-03    0.0000E+00    0.0000E+00    0.0000E+00   -5.5173E-05
  624    2.0241E-01    2.5976E-01    0.0000E+00    0.0000E+00    0.0000E+00   -5.7351E-05
  625    9.7556E-02    3.4586E-01    0.0000E+00    0.0000E+00    0.0000E+00   -5.6695E-05
  626    2.8922E-01    2.0774E-01    0.0000E+00    0.0000E+00    0.0000E+00   -5.6780E-05
  627    1.9903E-01    1.6264E-01    0.0000E+00    0.0000E+00    0.0000E+00   -5.8661E-05
  628   -3.3633E-01    2.4546E-01    0.0000E+00    0.0000E+00    0.0000E+00   -5.5356E-05
  629   -3.6277E-01    1.5335E-01    0.0000E+00    0.0000E+00    0.0000E+00   -5.5941E-05
  630   -2.3877E-01   -1.3835E-01    0.0000E+00    0.0000E+00    0.0000E+00   -5.8409E-05
  631   -6.1247E-02   -1.4065E-01    0.0000E+00    0.0000E+00    0.0000E+00   -5.9953E-05
  632    2.1132E-02   -2.9294E-01    0.0000E+00    0.0000E+00    0.0000E+00   -5.8070E-05
  633    1.0693E-01   -3.4475E-01    0.0000E+00    0.0000E+00    0.0000E+00   -5.6649E-05
  634    5.9508E-02   -2.4299E-01    0.0000E+00    0.0000E+00    0.0000E+00   -5.8825E-05
  635    2.2865E-01   -1.4693E-01    0.0000E+00    0.0000E+00    0.0000E+00   -5.8440E-05
  636    4.8494E-01    1.6555E-01    0.0000E+00    0.0000E+00    0.0000E+00   -5.2416E-05
  637    3.7840E-01    1.5383E-01    0.0000E+00    0.0000E+00    0.0000E+00   -5.5537E-05
  638    1.8940E-01   -2.9816E-01    0.0000E+00    0.0000E+00    0.0000E+00   -5.6795E-05
  639    3.2732E-01   -1.6742E-01    0.0000E+00    0.0000E+00    0.0000E+00   -5.6543E-05
  640   -3.0354E-01   -2.5219E-02    0.0000E+00    0.0000E+00    0.0000E+00   -5.7920E-05
  641   -1.8540E-01    2.7271E-01    0.0000E+00    0.0000E+00    0.0000E+00   -5.7414E-05
  642    1.0747E-02    3.7153E-01    0.0000E+00    0.0000E+00    0.0000E+00   -5.6470E-05
  643    4.2603E-02    2.8095E-01    0.0000E+00    0.0000E+00    0.0000E+00   -5.8272E-05
  644    1.7208E-01    2.1221E-01    0.0000E+00    0.0000E+00    0.0000E+00   -5.8403E-05
  645    9.5843E-02    2.6449E-01    0.0000E+00    0.0000E+00    0.0000E+00   -5.8290E-05
  646   -8.1341E-02    4.2036E-01    0.0000E+00    0.0000E+00    0.0000E+00   -5.5081E-05
  647   -4.9209E-02    3.6700E-01    0.0000E+00    0.0000E+00    0.0000E+00   -5.6538E-05
  648    4.3842E-01   -1.3931E-01    0.0000E+00    0.0000E+00    0.0000E+00   -5.4147E-05
  649    5.3390E-01   -1.1100E-01    0.0000E+00    0.0000E+00    0.0000E+00   -5.1268E-05
  650    6.7844E-01   -1.3616E-01    0.0000E+00    0.0000E+00    0.0000E+00   -4.4503E-05
  651    6.9379E-01   -3.0188E-02    0.0000E+00    0.0000E+00    0.0000E+00   -4.4408E-05
  652    3.7838E-01    5.8729E-02    0.0000E+00    0.0000E+00    0.0000E+00   -5.6195E-05
  653    3.6773E-01   -2.0497E-01    0.0000E+00    0.0000E+00    0.0000E+00   -5.5228E-05
  654    1.3791E-01   -3.9676E-01    0.0000E+00    0.0000E+00    0.0000E+00   -5.5207E-05
  655    1.9945E-01   -3.9192E-01    0.0000E+00    0.0000E+00    0.0000E+00   -5.4665E-05
  656   -8.3651E-02    3.1480E-01    0.0000E+00    0.0000E+00    0.0000E+00   -5.7508E-05
  657   -5.8070E-02    2.5769E-01    0.0000E+00    0.0000E+00    0.0000E+00   -5.8591E-05
  658   -2.1269E-01   -8.9268E-02    0.0000E+00    0.0000E+00    0.0000E+00   -5.9087E-05
  659   -1.2091E-01   -1.4008E-01    0.0000E+00    0.0000E+00    0.0000E+00   -5.9645E-05
  660    2.5446E-01    6.4384E-02    0.0000E+00    0.0000E+00    0.0000E+00   -5.8521E-05
  661    2.5768E-01    1.5937E-01    0.0000E+00    0.0000E+00    0.0000E+00   -5.7855E-05
  662   -4.0932E-01    1.0843E-01    0.0000E+00    0.0000E+00    0.0000E+00   -5.5172E-05
  663   -3.2468E-01    3.6552E-02    0.0000E+00    0.0000E+00    0.0000E+00   -5.7472E-05
  664    2.7752E-02   -8.8540E-02    0.0000E+00    0.0000E+00    0.0000E+00   -6.0382E-05
  665   -1.0060E-01    2.0890E-01    0.0000E+00    0.0000E+00    0.0000E+00   -5.9070E-05
  666    3.2269E-02   -1.9136E-01    0.0000E+00    0.0000E+00    0.0000E+00   -5.9548E-05
  667    1.1506E-01   -2.5013E-01    0.0000E+00    0.0000E+00    0.0000E+00   -5.8395E-05
  668    4.3530E-01    1.3748E-01    0.0000E+00    0.0000E+00    0.0000E+00   -5.4162E-05
  669    2.8629E-01    1.0512E-01    0.0000E+00    0.0000E+00    0.0000E+00   -5.7831E-05
  670    1.9480E-01   -5.7100E-01    0.0000E+00    0.0000E+00    0.0000E+00   -4.8857E-05
  671    1.8381E-01   -5.1492E-01    0.0000E+00    0.0000E+00    0.0000E+00   -5.1191E-05
  672    6.4047E-01   -5.2687E-02    0.0000E+00    0.0000E+00    0.0000E+00   -4.7134E-05
  673    7.0618E-01    2.9860E-02    0.0000E+00    0.0000E+00    0.0000E+00   -4.3831E-05
  674    5.9083E-01   -2.0200E-02    0.0000E+00    0.0000E+00    0.0000E+00   -4.9464E-05
  675    5.4148E-01    7.3661E-02    0.0000E+00    0.0000E+00    0.0000E+00   -5.1184E-05
  676    4.7842E-01   -1.6910E-02    0.0000E+00    0.0000E+00    0.0000E+00   -5.3550E-05
  677    4.3606E-01    7.8480E-02    0.0000E+00    0.0000E+00    0.0000E+00   -5.4562E-05
  678    3.0826E-01   -1.6039E-02    0.0000E+00    0.0000E+00    0.0000E+00   -5.7744E-05
  679    3.4176E-01   -1.1278E-01    0.0000E+00    0.0000E+00    0.0000E+00   -5.6718E-05
  680    8.2381E-02    1.6939E-01    0.0000E+00    0.0000E+00    0.0000E+00   -5.9616E-05
  681    5.2240E-02   -3.7295E-02    0.0000E+00    0.0000E+00    0.0000E+00   -6.0513E-05
  682    4.2393E-02    5.2542E-01    0.0000E+00    0.0000E+00    0.0000E+00   -5.1852E-05
  683    1.0852E-02    4.7333E-01    0.0000E+00    0.0000E+00    0.0000E+00   -5.3678E-05
  684    2.7128E-01   -1.8338E-01    0.0000E+00    0.0000E+00    0.0000E+00   -5.7420E-05
  685    4.0372E-01   -9.7912E-02    0.0000E+00    0.0000E+00    0.0000E+00   -5.5382E-05
  686   -2.6181E-01    1.8292E-01    0.0000E+00    0.0000E+00    0.0000E+00   -5.7604E-05
  687   -3.0270E-01    1.3860E-01    0.0000E+00    0.0000E+00    0.0000E+00   -5.7348E-05
  688    3.4567E-03    2.4478E-01    0.0000E+00    0.0000E+00    0.0000E+00   -5.8896E-05
  689    1.1615E-01    2.1766E-01    0.0000E+00    0.0000E+00    0.0000E+00   -5.8863E-05
  690    1.5994E-01   -2.1828E-01    0.0000E+00    0.0000E+00    0.0000E+00   -5.8491E-05
  691    1.3568E-01   -3.0132E-01    0.0000E+00    0.0000E+00    0.0000E+00   -5.7327E-05
  692   -1.6238E-01    2.1884E-01    0.0000E+00    0.0000E+00    0.0000E+00   -5.8453E-05
  693   -1.8222E-02    1.3721E-01    0.0000E+00    0.0000E+00    0.0000E+00   -6.0082E-05
  694    6.2999E-02   -1.3817E-01    0.0000E+00    0.0000E+00    0.0000E+00   -5.9975E-05
  695    1.6788E-01   -1.6738E-01    0.0000E+00    0.0000E+00    0.0000E+00   -5.9009E-05
  696   -7.7091E-03    8.4010E-02    0.0000E+00    0.0000E+00    0.0000E+00   -6.0413E-05
  697   -3.0759E-02   -9.1234E-02    0.0000E+00    0.0000E+00    0.0000E+00   -6.0368E-05
  698    2.8224E-01   -5.1033E-01    0.0000E+00    0.0000E+00    0.0000E+00   -4.9648E-05
  699    3.2656E-01   -4.7153E-01    0.0000E+00    0.0000E+00    0.0000E+00   -5.0068E-05
  700   -1.9972E-01    1.6617E-02    0.0000E+00    0.0000E+00    0.0000E+00   -5.9456E-05
  701   -1.2134E-01    1.0845E-01    0.0000E+00    0.0000E+00    0.0000E+00   -5.9868E-05
  702    1.9810E-01    7.1747E-02    0.0000E+00    0.0000E+00    0.0000E+00   -5.9305E-05
  703    1.2632E-01    2.1029E-02    0.0000E+00    0.0000E+00    0.0000E+00   -6.0161E-05
  704    1.1057E-01    1.1705E-01    0.0000E+00    0.0000E+00    0.0000E+00   -5.9891E-05
  705   -8.0226E-02    1.5315E-01    0.0000E+00    0.0000E+00    0.0000E+00   -5.9768E-05
  706   -1.0184E-01    5.5478E-02    0.0000E+00    0.0000E+00    0.0000E+00   -6.0237E-05
  707    3.7281E-02    5.5688E-02    0.0000E+00    0.0000E+00    0.0000E+00   -6.0497E-05
  708    1.4432E-01   -7.0985E-02    0.0000E+00    0.0000E+00    0.0000E+00   -5.9880E-05
  709    8.7728E-02    6.6220E-02    0.0000E+00    0.0000E+00    0.0000E+00   -6.0287E-05
  710    1.2504E-01   -1.2823E-01    0.0000E+00    0.0000E+00    0.0000E+00   -5.9709E-05
  711    2.4155E-01   -9.3350E-02    0.0000E+00    0.0000E+00    0.0000E+00   -5.8639E-05
  712    3.6594E-01    4.3939E-03    0.0000E+00    0.0000E+00    0.0000E+00   -5.6580E-05
  713    2.6329E-01    1.3913E-02    0.0000E+00    0.0000E+00    0.0000E+00   -5.8504E-05
  714   -1.3965E-01    1.0144E-02    0.0000E+00    0.0000E+00    0.0000E+00   -6.0064E-05
  715   -5.7800E-02   -4.2699E-02    0.0000E+00    0.0000E+00    0.0000E+00   -6.0483E-05
  716    4.5508E-01   -2.2561E-01    0.0000E+00    0.0000E+00    0.0000E+00   -5.2503E-05
  717    4.9130E-01   -1.4480E-01    0.0000E+00    0.0000E+00    0.0000E+00   -5.2390E-05
  718   -1.8094E-01    1.1843E-01    0.0000E+00    0.0000E+00    0.0000E+00   -5.9268E-05
  719   -2.2151E-01    7.1928E-02    0.0000E+00    0.0000E+00    0.0000E+00   -5.9052E-05
  720   -5.0211E-02    4.6978E-02    0.0000E+00    0.0000E+00    0.0000E+00   -6.0487E-05
  721    2.1346E-02    2.8759E-03    0.0000E+00    0.0000E+00    0.0000E+00   -6.0615E-05
  722    1.7597E-01    2.7855E-02    0.0000E+00    0.0000E+00    0.0000E+00   -5.9693E-05
  723    1.0677E-01   -2.9674E-02    0.0000E+00    0.0000E+00    0.0000E+00   -6.0279E-05
  724   -2.4014E-01   -3.4834E-02    0.0000E+00    0.0000E+00    0.0000E+00   -5.8921E-05
  725   -1.1565E-01   -4.1220E-02    0.0000E+00    0.0000E+00    0.0000E+00   -6.0197E-05
  726    2.1216E-01   -8.4133E-03    0.0000E+00    0.0000E+00    0.0000E+00   -5.9280E-05
  727    2.9862E-01   -7.5164E-02    0.0000E+00    0.0000E+00    0.0000E+00   -5.7781E-05
  728   -4.8196E-01   -5.6488E-03    0.0000E+00    0.0000E+00    0.0000E+00   -5.3404E-05
  729   -4.8630E-01   -5.9381E-02    0.0000E+00    0.0000E+00    0.0000E+00   -5.3101E-05
  730   -5.2037E-01   -9.9264E-02    0.0000E+00    0.0000E+00    0.0000E+00   -5.1653E-05
  731   -4.3664E-01   -1.2727E-01    0.0000E+00    0.0000E+00    0.0000E+00   -5.4258E-05
